<!DOCTYPE html>
<html lang="en">
<head>
<meta charset="utf-8">
<meta name="viewport" content="width=device-width, initial-scale=1">
<title>3D Surface — Gaussian Bell  (plasma)</title>
<style>
* { margin:0; padding:0; box-sizing:border-box; }
html, body { width:100%; height:100%; overflow:hidden;
  background:#1e1e1e; font-family:sans-serif; }
canvas { display:block; }

/* -- Tooltip -- */
#glx-tip {
  position:fixed; pointer-events:none; display:none;
  background:rgba(15,23,42,0.92); color:#f8fafc;
  padding:7px 12px; border-radius:7px; font-size:12.5px;
  line-height:1.6; max-width:260px; white-space:pre-line;
  box-shadow:0 4px 18px rgba(0,0,0,0.35); z-index:9999;
}

/* -- Title -- */
#glx-title {
  position:fixed; top:12px; left:50%; transform:translateX(-50%);
  font-size:17px; font-weight:700; color:#ffffff;
  pointer-events:none; text-shadow:0 1px 4px rgba(0,0,0,0.3);
}

/* -- Control panel -- */
#glx-panel {
  position:fixed; bottom:18px; left:50%; transform:translateX(-50%);
  display:flex; gap:6px; flex-wrap:wrap; justify-content:center;
  background:rgba(15,23,42,0.55); border-radius:12px;
  padding:8px 12px; backdrop-filter:blur(6px);
}
.glx-btn {
  background:rgba(255,255,255,0.12); border:1px solid rgba(255,255,255,0.2);
  color:#f1f5f9; font-size:11.5px; font-family:inherit;
  padding:5px 11px; border-radius:7px; cursor:pointer;
  transition:background 0.15s, transform 0.1s;
  white-space:nowrap; user-select:none;
}
.glx-btn:hover  { background:rgba(255,255,255,0.22); }
.glx-btn:active { transform:scale(0.95); }
.glx-btn.active { background:rgba(99,102,241,0.6); border-color:#818cf8; }
.glx-sep { width:1px; background:rgba(255,255,255,0.15); margin:0 2px; }

/* -- Legend -- */
#glx-legend {
  position:fixed; right:16px; top:50%; transform:translateY(-50%);
  background:rgba(15,23,42,0.65); border-radius:10px;
  padding:10px 14px; color:#ffffff; font-size:12px;
  backdrop-filter:blur(6px);
}
#glx-legend .glx-leg-item {
  display:flex; align-items:center; gap:8px;
  margin:5px 0; cursor:pointer; user-select:none;
  transition:opacity 0.2s;
}
#glx-legend .glx-leg-item:hover { opacity:0.8; }
#glx-legend .glx-swatch {
  width:14px; height:14px; border-radius:3px; flex-shrink:0;
}

/* -- Help overlay -- */
#glx-help {
  position:fixed; inset:0;
  background:rgba(0,0,0,0.65);
  display:none; align-items:center; justify-content:center;
  z-index:99999; backdrop-filter:blur(4px);
}
#glx-help-box {
  background:#1e293b; color:#f8fafc;
  border-radius:14px; padding:28px 34px;
  max-width:400px; width:90%;
  box-shadow:0 20px 60px rgba(0,0,0,0.5);
}
#glx-help-box h3 { margin-bottom:16px; font-size:15px; }
#glx-help-box table { border-collapse:collapse; width:100%; font-size:12.5px; }
#glx-help-box td   { padding:4px 0; }
#glx-help-box td:first-child { opacity:0.5; width:120px; }
#glx-help-box .close-hint {
  margin-top:14px; text-align:center;
  opacity:0.4; font-size:11px;
}

/* -- Axis value readout (surface probe) -- */
#glx-readout {
  position:fixed; left:16px; bottom:18px;
  background:rgba(15,23,42,0.7); color:#94a3b8;
  font-size:11.5px; padding:6px 10px; border-radius:7px;
  display:none; font-variant-numeric:tabular-nums;
  backdrop-filter:blur(4px);
}

/* -- Selection highlight -- */
.glx-selected { outline:none; }
</style>
</head>
<body>
<div id="glx-title">3D Surface — Gaussian Bell  (plasma)</div>
<div id="glx-tip"></div>
<div id="glx-readout"></div>

<!-- Legend -->
<div id="glx-legend" style="display:none"></div>

<!-- Control panel -->
<div id="glx-panel">
  <button class="glx-btn" onclick="setCam('iso')"     title="Isometric view (I)"> ISO</button>
  <button class="glx-btn" onclick="setCam('top')"     title="Top view (T)">^ Top</button>
  <button class="glx-btn" onclick="setCam('front')"   title="Front view (V)">[] Front</button>
  <button class="glx-btn" onclick="setCam('side')"    title="Side view (S)">< Side</button>
  <div class="glx-sep"></div>
  <button class="glx-btn" id="btn-rotate" onclick="toggleRotate()" title="Auto-rotate (Space)"> Rotate</button>
  <button class="glx-btn" onclick="resetView()"       title="Reset camera (R)">Reset Reset</button>
  <div class="glx-sep"></div>
  <button class="glx-btn" onclick="screenshot()"      title="Save PNG (P)">PNG PNG</button>
  <button class="glx-btn" onclick="toggleFullscreen()" title="Fullscreen (F)"> Full</button>
  <button class="glx-btn" onclick="showHelp()"        title="Keyboard help (H)">? Help</button>
</div>

<!-- Help overlay -->
<div id="glx-help" onclick="closeHelp()">
  <div id="glx-help-box">
    <h3>KB GlyphX 3D Shortcuts</h3>
    <table>
      <tr><td>Drag</td><td>Rotate camera</td></tr>
      <tr><td>Right-drag / Ctrl+drag</td><td>Pan</td></tr>
      <tr><td>Scroll</td><td>Zoom</td></tr>
      <tr><td>Arrow keys</td><td>Rotate (fine)</td></tr>
      <tr><td>+  /  -</td><td>Zoom in / out</td></tr>
      <tr><td>Space</td><td>Toggle auto-rotate</td></tr>
      <tr><td>R</td><td>Reset view</td></tr>
      <tr><td>I / T / V / S</td><td>ISO / Top / Front / Side</td></tr>
      <tr><td>P</td><td>Save PNG screenshot</td></tr>
      <tr><td>F</td><td>Toggle fullscreen</td></tr>
      <tr><td>Click point</td><td>Select / highlight</td></tr>
      <tr><td>Esc</td><td>Deselect / close</td></tr>
      <tr><td>H</td><td>This help screen</td></tr>
    </table>
    <div class="close-hint">Click anywhere or press Esc to close</div>
  </div>
</div>

<script src="https://cdnjs.cloudflare.com/ajax/libs/three.js/r128/three.min.js"></script>
<script>
// =======================================================================
// Data & config
// =======================================================================
const DATA    = [{"type": "surface", "x": [-3.0, -2.877551020408163, -2.7551020408163267, -2.63265306122449, -2.510204081632653, -2.387755102040816, -2.2653061224489797, -2.142857142857143, -2.020408163265306, -1.8979591836734695, -1.7755102040816326, -1.653061224489796, -1.5306122448979593, -1.4081632653061225, -1.2857142857142858, -1.163265306122449, -1.0408163265306123, -0.9183673469387754, -0.795918367346939, -0.6734693877551021, -0.5510204081632653, -0.4285714285714288, -0.30612244897959195, -0.18367346938775508, -0.06122448979591866, 0.06122448979591821, 0.18367346938775508, 0.30612244897959195, 0.4285714285714284, 0.5510204081632653, 0.6734693877551021, 0.7959183673469385, 0.9183673469387754, 1.0408163265306118, 1.1632653061224492, 1.2857142857142856, 1.408163265306122, 1.5306122448979593, 1.6530612244897958, 1.7755102040816322, 1.8979591836734695, 2.020408163265306, 2.1428571428571423, 2.2653061224489797, 2.387755102040816, 2.5102040816326525, 2.63265306122449, 2.7551020408163263, 2.8775510204081627, 3.0], "y": [-3.0, -2.877551020408163, -2.7551020408163267, -2.63265306122449, -2.510204081632653, -2.387755102040816, -2.2653061224489797, -2.142857142857143, -2.020408163265306, -1.8979591836734695, -1.7755102040816326, -1.653061224489796, -1.5306122448979593, -1.4081632653061225, -1.2857142857142858, -1.163265306122449, -1.0408163265306123, -0.9183673469387754, -0.795918367346939, -0.6734693877551021, -0.5510204081632653, -0.4285714285714288, -0.30612244897959195, -0.18367346938775508, -0.06122448979591866, 0.06122448979591821, 0.18367346938775508, 0.30612244897959195, 0.4285714285714284, 0.5510204081632653, 0.6734693877551021, 0.7959183673469385, 0.9183673469387754, 1.0408163265306118, 1.1632653061224492, 1.2857142857142856, 1.408163265306122, 1.5306122448979593, 1.6530612244897958, 1.7755102040816322, 1.8979591836734695, 2.020408163265306, 2.1428571428571423, 2.2653061224489797, 2.387755102040816, 2.5102040816326525, 2.63265306122449, 2.7551020408163263, 2.8775510204081627, 3.0], "z": [[0.00012340980408667956, 0.00017686038224627845, 0.00024968919646966317, 0.0003472619823952575, 0.000475776540960915, 0.0006421509138085059, 0.0008538065481912717, 0.001118330459085783, 0.0014430092728861196, 0.0018342409551978696, 0.00229684636541472, 0.002833321144920902, 0.0034430866700426556, 0.0041218141252187404, 0.004860905156369192, 0.005647213246477142, 0.006463079882624573, 0.007286738024906787, 0.00809310330560679, 0.008854933584434862, 0.009544294428163937, 0.010134227381485734, 0.010600485501500672, 0.010923181863371807, 0.011088195344108386, 0.011088195344108386, 0.010923181863371807, 0.010600485501500672, 0.010134227381485745, 0.009544294428163937, 0.008854933584434862, 0.00809310330560679, 0.007286738024906787, 0.006463079882624573, 0.005647213246477138, 0.004860905156369197, 0.0041218141252187404, 0.0034430866700426556, 0.002833321144920902, 0.0022968463654147223, 0.0018342409551978696, 0.0014430092728861196, 0.0011183304590857849, 0.0008538065481912717, 0.0006421509138085059, 0.0004757765409609154, 0.0003472619823952575, 0.0002496891964696636, 0.00017686038224627845, 0.00012340980408667956], [0.00017686038224627845, 0.00025346118195220343, 0.00035783321314872133, 0.0004976661894940549, 0.0006818422695092987, 0.0009202757991269491, 0.0012236025621710131, 0.0016026956199739746, 0.002067997542628867, 0.00262867734754867, 0.0032916438783332333, 0.004060473674889018, 0.00493433750322708, 0.005907031674908719, 0.006966233763846918, 0.008093103305606798, 0.009262333628909722, 0.010442730072793357, 0.011598343865637257, 0.012690133900614426, 0.013678066935836711, 0.014523508417543357, 0.015191709699779843, 0.0156541705417882, 0.01589065375716031, 0.01589065375716031, 0.0156541705417882, 0.015191709699779843, 0.014523508417543369, 0.013678066935836711, 0.012690133900614426, 0.011598343865637257, 0.010442730072793357, 0.009262333628909731, 0.008093103305606798, 0.006966233763846924, 0.005907031674908719, 0.00493433750322708, 0.004060473674889018, 0.0032916438783332364, 0.00262867734754867, 0.002067997542628867, 0.0016026956199739746, 0.0012236025621710131, 0.0009202757991269491, 0.0006818422695092999, 0.0004976661894940549, 0.00035783321314872166, 0.0002534611819522039, 0.00017686038224627845], [0.00024968919646966317, 0.00035783321314872133, 0.0005051842946762719, 0.0007025986791765207, 0.0009626160829832258, 0.0012992334512458086, 0.001727466245782868, 0.0022626649137255915, 0.002919572140250229, 0.0037111326253579054, 0.004647100184940411, 0.005732524131704426, 0.0069662337638469116, 0.008339470794397449, 0.009834838581840609, 0.011425738402561095, 0.013076442625889874, 0.01474291103359996, 0.016374391615625688, 0.017915766643117302, 0.019310517703798564, 0.02050410103517179, 0.021447458949039096, 0.022100355174712503, 0.022434219114589114, 0.022434219114589114, 0.022100355174712503, 0.021447458949039096, 0.02050410103517179, 0.019310517703798564, 0.017915766643117302, 0.016374391615625702, 0.01474291103359996, 0.013076442625889874, 0.011425738402561095, 0.009834838581840609, 0.008339470794397456, 0.0069662337638469116, 0.0057325241317044305, 0.004647100184940411, 0.0037111326253579054, 0.002919572140250229, 0.002262664913725593, 0.001727466245782868, 0.0012992334512458086, 0.0009626160829832266, 0.0007025986791765207, 0.0005051842946762723, 0.00035783321314872133, 0.00024968919646966317], [0.0003472619823952575, 0.0004976661894940549, 0.0007025986791765207, 0.0009771580573321762, 0.001338784272562338, 0.0018069439537351734, 0.0024025202592389164, 0.0031468622373175405, 0.004060473674889018, 0.005161357762509689, 0.006463079882624573, 0.007972662503025823, 0.00968847743861506, 0.011598343865637246, 0.013678066935836699, 0.015890653757160297, 0.018186415163925933, 0.0205041010351718, 0.022773126644465482, 0.02491683552426202, 0.026856623168774345, 0.02851663136963762, 0.02982863182424126, 0.030736664854229705, 0.031200995130633676, 0.031200995130633676, 0.030736664854229705, 0.02982863182424126, 0.02851663136963762, 0.026856623168774345, 0.02491683552426202, 0.022773126644465493, 0.0205041010351718, 0.018186415163925933, 0.015890653757160297, 0.013678066935836699, 0.011598343865637257, 0.00968847743861506, 0.00797266250302583, 0.006463079882624573, 0.005161357762509689, 0.004060473674889018, 0.0031468622373175435, 0.0024025202592389164, 0.0018069439537351734, 0.0013387842725623392, 0.0009771580573321762, 0.0007025986791765214, 0.0004976661894940549, 0.0003472619823952575], [0.000475776540960915, 0.0006818422695092987, 0.0009626160829832258, 0.001338784272562338, 0.001834240955197871, 0.002475656961031336, 0.0032916438783332333, 0.004311451601538494, 0.005563171949823937, 0.007071470726425715, 0.008854933584434862, 0.010923181863371807, 0.013273984820127798, 0.01589065375716031, 0.018740039807631746, 0.02177145976660342, 0.024916835524262035, 0.02809224954237426, 0.03120099513063369, 0.034138046830395924, 0.03679571021565626, 0.03907005350634948, 0.04086759850026123, 0.04211167598638935, 0.04274784540305604, 0.04274784540305604, 0.04211167598638935, 0.04086759850026123, 0.03907005350634948, 0.03679571021565626, 0.034138046830395924, 0.03120099513063369, 0.02809224954237426, 0.024916835524262045, 0.02177145976660341, 0.018740039807631757, 0.01589065375716031, 0.013273984820127798, 0.010923181863371807, 0.00885493358443487, 0.007071470726425715, 0.005563171949823937, 0.004311451601538494, 0.0032916438783332333, 0.002475656961031336, 0.0018342409551978744, 0.001338784272562338, 0.0009626160829832266, 0.0006818422695092993, 0.000475776540960915], [0.0006421509138085059, 0.0009202757991269491, 0.0012992334512458086, 0.0018069439537351734, 0.002475656961031336, 0.0033413698300296365, 0.004442699339767366, 0.005819123784828492, 0.007508558417021155, 0.009544294428163937, 0.011951416691277337, 0.014742911033599974, 0.01791576664311732, 0.021447458949039124, 0.025293247252110924, 0.029384724929550507, 0.03363000762670124, 0.037915832668290704, 0.042111675986389374, 0.04607578575333159, 0.04966280786247868, 0.052732466613377195, 0.05515859539669433, 0.056837714533069295, 0.05769634613231642, 0.05769634613231642, 0.056837714533069295, 0.05515859539669433, 0.052732466613377195, 0.04966280786247868, 0.04607578575333159, 0.042111675986389374, 0.037915832668290704, 0.03363000762670126, 0.029384724929550493, 0.025293247252110934, 0.021447458949039145, 0.01791576664311732, 0.014742911033599974, 0.011951416691277347, 0.009544294428163937, 0.007508558417021155, 0.005819123784828502, 0.004442699339767366, 0.0033413698300296365, 0.002475656961031338, 0.0018069439537351734, 0.0012992334512458108, 0.00092027579912695, 0.0006421509138085059], [0.0008538065481912717, 0.0012236025621710131, 0.001727466245782868, 0.0024025202592389164, 0.0032916438783332333, 0.004442699339767366, 0.005907031674908714, 0.007737131389808725, 0.009983410762288694, 0.012690133900614414, 0.01589065375716031, 0.019602236342285608, 0.02382087846770844, 0.02851663136963762, 0.03363000762670122, 0.03907005350634946, 0.044714599185266476, 0.05041305013538447, 0.055991861008564264, 0.061262557980232134, 0.06603187762058375, 0.07011330876997765, 0.07333909977550009, 0.07557166362147749, 0.0767133037969515, 0.0767133037969515, 0.07557166362147749, 0.07333909977550009, 0.07011330876997765, 0.06603187762058375, 0.061262557980232134, 0.05599186100856429, 0.05041305013538447, 0.0447145991852665, 0.03907005350634946, 0.03363000762670122, 0.028516631369637647, 0.02382087846770844, 0.019602236342285626, 0.01589065375716031, 0.012690133900614414, 0.009983410762288694, 0.007737131389808732, 0.005907031674908714, 0.004442699339767366, 0.0032916438783332364, 0.0024025202592389164, 0.0017274662457828695, 0.0012236025621710131, 0.0008538065481912717], [0.001118330459085783, 0.0016026956199739746, 0.0022626649137255915, 0.0031468622373175405, 0.004311451601538494, 0.005819123784828492, 0.007737131389808725, 0.010134227381485745, 0.013076442625889896, 0.01662175501113035, 0.02081385080621003, 0.0256753453275991, 0.03120099513063369, 0.03735157281089695, 0.04404916072370273, 0.0511746261103559, 0.058567948841138945, 0.06603187762058375, 0.07333909977550013, 0.08024274905824946, 0.08648968571412344, 0.09183561422767024, 0.09606081060706428, 0.09898506101964241, 0.10048040089991539, 0.10048040089991539, 0.09898506101964241, 0.09606081060706428, 0.09183561422767024, 0.08648968571412344, 0.08024274905824946, 0.07333909977550016, 0.06603187762058375, 0.05856794884113897, 0.0511746261103559, 0.04404916072370273, 0.03735157281089698, 0.03120099513063369, 0.025675345327599124, 0.02081385080621004, 0.01662175501113035, 0.013076442625889896, 0.010134227381485754, 0.007737131389808725, 0.005819123784828492, 0.004311451601538498, 0.0031468622373175405, 0.002262664913725593, 0.0016026956199739746, 0.001118330459085783], [0.0014430092728861196, 0.002067997542628867, 0.002919572140250229, 0.004060473674889018, 0.005563171949823937, 0.007508558417021155, 0.009983410762288694, 0.013076442625889896, 0.016872855256887018, 0.021447458949039117, 0.026856623168774355, 0.03312952901467638, 0.04025941074124448, 0.04819565226459684, 0.056837714533069274, 0.0660318776205838, 0.07557166362147753, 0.08520255434201211, 0.09463124265405456, 0.10353919097185743, 0.11159976684933774, 0.11849774977966103, 0.12394962449674123, 0.1277228566637707, 0.1296523304573346, 0.1296523304573346, 0.1277228566637707, 0.12394962449674123, 0.11849774977966103, 0.11159976684933774, 0.10353919097185743, 0.09463124265405456, 0.08520255434201211, 0.07557166362147756, 0.06603187762058375, 0.056837714533069295, 0.048195652264596885, 0.04025941074124448, 0.03312952901467638, 0.02685662316877438, 0.021447458949039117, 0.016872855256887018, 0.013076442625889896, 0.009983410762288694, 0.007508558417021155, 0.0055631719498239465, 0.004060473674889018, 0.002919572140250231, 0.0020679975426288687, 0.0014430092728861196], [0.0018342409551978696, 0.00262867734754867, 0.0037111326253579054, 0.005161357762509689, 0.007071470726425715, 0.009544294428163937, 0.012690133900614414, 0.01662175501113035, 0.021447458949039117, 0.02726233873090105, 0.03413804683039591, 0.04211167598638934, 0.05117462611035588, 0.061262557980232134, 0.07224767418707256, 0.0839345779379804, 0.09606081060706428, 0.10830284849730436, 0.12028786244052975, 0.1316109522766888, 0.1418569282899844, 0.1506251067326279, 0.15755510508854673, 0.16235134382677252, 0.16480394057762873, 0.16480394057762873, 0.16235134382677252, 0.15755510508854673, 0.15062510673262794, 0.1418569282899844, 0.1316109522766888, 0.1202878624405298, 0.10830284849730436, 0.09606081060706428, 0.0839345779379804, 0.07224767418707259, 0.061262557980232155, 0.05117462611035588, 0.04211167598638935, 0.034138046830395945, 0.02726233873090105, 0.021447458949039117, 0.016621755011130362, 0.012690133900614414, 0.009544294428163937, 0.007071470726425728, 0.005161357762509689, 0.003711132625357909, 0.0026286773475486724, 0.0018342409551978696], [0.00229684636541472, 0.0032916438783332333, 0.004647100184940411, 0.006463079882624573, 0.008854933584434862, 0.011951416691277337, 0.01589065375716031, 0.02081385080621003, 0.026856623168774355, 0.03413804683039591, 0.04274784540305604, 0.05273246661337717, 0.06408114138436538, 0.0767133037969515, 0.09046892524997807, 0.10510332883101069, 0.1202878624405298, 0.13561740796931446, 0.15062510673262794, 0.16480394057762876, 0.17763400671456428, 0.18861356680465127, 0.1972913479276908, 0.20329722380912144, 0.2063683786195451, 0.2063683786195451, 0.20329722380912144, 0.1972913479276908, 0.18861356680465127, 0.17763400671456428, 0.16480394057762876, 0.15062510673262802, 0.13561740796931446, 0.12028786244052986, 0.10510332883101065, 0.09046892524997811, 0.07671330379695157, 0.06408114138436538, 0.05273246661337717, 0.042747845403056074, 0.03413804683039591, 0.026856623168774355, 0.020813850806210052, 0.01589065375716031, 0.011951416691277337, 0.008854933584434878, 0.006463079882624573, 0.004647100184940414, 0.0032916438783332364, 0.00229684636541472], [0.002833321144920902, 0.004060473674889018, 0.005732524131704426, 0.007972662503025823, 0.010923181863371807, 0.014742911033599974, 0.019602236342285608, 0.0256753453275991, 0.03312952901467638, 0.04211167598638934, 0.05273246661337717, 0.06504919742533138, 0.07904858401019141, 0.09463124265405452, 0.11159976684933764, 0.12965233045733454, 0.1483835180541351, 0.16729358802779262, 0.1858066374345698, 0.20329722380912135, 0.2191240105824497, 0.2326680683102969, 0.2433727201830241, 0.2507813894718624, 0.2545698744113537, 0.2545698744113537, 0.2507813894718624, 0.2433727201830241, 0.23266806831029693, 0.2191240105824497, 0.20329722380912135, 0.18580663743456988, 0.16729358802779262, 0.14838351805413516, 0.12965233045733449, 0.11159976684933769, 0.09463124265405456, 0.07904858401019141, 0.06504919742533141, 0.052732466613377195, 0.04211167598638934, 0.03312952901467638, 0.025675345327599124, 0.019602236342285608, 0.014742911033599974, 0.010923181863371817, 0.007972662503025823, 0.005732524131704436, 0.004060473674889022, 0.002833321144920902], [0.0034430866700426556, 0.00493433750322708, 0.0069662337638469116, 0.00968847743861506, 0.013273984820127798, 0.01791576664311732, 0.02382087846770844, 0.03120099513063369, 0.04025941074124448, 0.05117462611035588, 0.06408114138436538, 0.07904858401019141, 0.09606081060706424, 0.11499704886466137, 0.13561740796931437, 0.15755510508854673, 0.18031747441763765, 0.20329722380912138, 0.2257945089292997, 0.24704928440909424, 0.2662821901693679, 0.282741095544297, 0.295749520034583, 0.3047526259891908, 0.30935643943907204, 0.30935643943907204, 0.3047526259891908, 0.295749520034583, 0.28274109554429705, 0.2662821901693679, 0.24704928440909424, 0.2257945089292998, 0.20329722380912138, 0.18031747441763774, 0.15755510508854667, 0.13561740796931446, 0.11499704886466143, 0.09606081060706424, 0.07904858401019144, 0.06408114138436544, 0.05117462611035588, 0.04025941074124448, 0.031200995130633714, 0.02382087846770844, 0.01791576664311732, 0.013273984820127822, 0.00968847743861506, 0.006966233763846918, 0.004934337503227085, 0.0034430866700426556], [0.0041218141252187404, 0.005907031674908719, 0.008339470794397449, 0.011598343865637246, 0.01589065375716031, 0.021447458949039124, 0.02851663136963762, 0.03735157281089695, 0.04819565226459684, 0.061262557980232134, 0.0767133037969515, 0.09463124265405452, 0.11499704886466137, 0.1376661425612497, 0.16235134382677252, 0.18861356680465127, 0.21586302765628018, 0.24337272018302417, 0.2703048414085046, 0.29574952003458305, 0.31877376259038104, 0.33847717268757177, 0.3540499168410722, 0.3648277835783285, 0.37033913578235467, 0.3703391357823547, 0.3648277835783285, 0.3540499168410722, 0.3384771726875718, 0.31877376259038104, 0.29574952003458305, 0.27030484140850475, 0.24337272018302417, 0.21586302765628027, 0.1886135668046512, 0.16235134382677255, 0.1376661425612498, 0.11499704886466137, 0.09463124265405456, 0.07671330379695157, 0.061262557980232134, 0.04819565226459684, 0.03735157281089698, 0.02851663136963762, 0.021447458949039124, 0.015890653757160325, 0.011598343865637246, 0.008339470794397463, 0.0059070316749087245, 0.0041218141252187404], [0.004860905156369192, 0.006966233763846918, 0.009834838581840609, 0.013678066935836699, 0.018740039807631746, 0.025293247252110924, 0.03363000762670122, 0.04404916072370273, 0.056837714533069274, 0.07224767418707256, 0.09046892524997807, 0.11159976684933764, 0.13561740796931437, 0.16235134382677252, 0.19146289967870536, 0.22243425627380986, 0.2545698744113537, 0.28701238690487485, 0.31877376259038087, 0.3487809792620201, 0.3759337464564976, 0.39917021584348356, 0.41753534101771766, 0.43024580937126305, 0.4367454135584595, 0.4367454135584596, 0.43024580937126305, 0.41753534101771766, 0.3991702158434836, 0.3759337464564976, 0.3487809792620201, 0.31877376259038104, 0.28701238690487485, 0.2545698744113538, 0.22243425627380983, 0.19146289967870544, 0.16235134382677258, 0.13561740796931437, 0.11159976684933769, 0.09046892524997815, 0.07224767418707256, 0.056837714533069274, 0.04404916072370277, 0.03363000762670122, 0.025293247252110924, 0.01874003980763178, 0.013678066935836699, 0.00983483858184062, 0.006966233763846924, 0.004860905156369192], [0.005647213246477142, 0.008093103305606798, 0.011425738402561095, 0.015890653757160297, 0.02177145976660342, 0.029384724929550507, 0.03907005350634946, 0.0511746261103559, 0.0660318776205838, 0.0839345779379804, 0.10510332883101069, 0.12965233045733454, 0.15755510508854673, 0.18861356680465127, 0.22243425627380986, 0.25841559094273864, 0.29574952003458305, 0.3334399872230562, 0.3703391357823546, 0.40520036965274864, 0.43674541355845964, 0.46374065281993954, 0.48507655113946413, 0.49984308596086857, 0.5073940769146214, 0.5073940769146215, 0.49984308596086857, 0.48507655113946413, 0.46374065281993965, 0.43674541355845964, 0.40520036965274864, 0.3703391357823548, 0.3334399872230562, 0.2957495200345832, 0.2584155909427386, 0.22243425627380997, 0.18861356680465136, 0.15755510508854673, 0.1296523304573346, 0.10510332883101074, 0.0839345779379804, 0.0660318776205838, 0.05117462611035595, 0.03907005350634946, 0.029384724929550507, 0.02177145976660344, 0.015890653757160297, 0.011425738402561114, 0.008093103305606805, 0.005647213246477142], [0.006463079882624573, 0.009262333628909722, 0.013076442625889874, 0.018186415163925933, 0.024916835524262035, 0.03363000762670124, 0.044714599185266476, 0.058567948841138945, 0.07557166362147753, 0.09606081060706428, 0.1202878624405298, 0.1483835180541351, 0.18031747441763765, 0.21586302765628018, 0.2545698744113537, 0.29574952003458305, 0.33847717268757177, 0.3816128733633879, 0.42384293168256826, 0.4637406528199395, 0.4998430859608685, 0.5307383931119394, 0.5551567405672378, 0.5720566325980249, 0.5806985335847681, 0.5806985335847682, 0.5720566325980249, 0.5551567405672378, 0.5307383931119395, 0.4998430859608685, 0.4637406528199395, 0.4238429316825684, 0.3816128733633879, 0.33847717268757194, 0.295749520034583, 0.25456987441135376, 0.21586302765628038, 0.18031747441763765, 0.14838351805413516, 0.12028786244052986, 0.09606081060706428, 0.07557166362147753, 0.05856794884113899, 0.044714599185266476, 0.03363000762670124, 0.024916835524262066, 0.018186415163925933, 0.013076442625889896, 0.00926233362890974, 0.006463079882624573], [0.007286738024906787, 0.010442730072793357, 0.01474291103359996, 0.0205041010351718, 0.02809224954237426, 0.037915832668290704, 0.05041305013538447, 0.06603187762058375, 0.08520255434201211, 0.10830284849730436, 0.13561740796931446, 0.16729358802779262, 0.20329722380912138, 0.24337272018302417, 0.28701238690487485, 0.3334399872230562, 0.3816128733633879, 0.4302458093712632, 0.4778576875062805, 0.5228399942390809, 0.5635433395693623, 0.598375960161615, 0.625906194065463, 0.6449598168140569, 0.6547030459975418, 0.6547030459975418, 0.6449598168140569, 0.625906194065463, 0.5983759601616151, 0.5635433395693623, 0.5228399942390809, 0.47785768750628066, 0.4302458093712632, 0.38161287336338806, 0.33343998722305607, 0.2870123869048749, 0.24337272018302433, 0.20329722380912138, 0.16729358802779268, 0.13561740796931457, 0.10830284849730436, 0.08520255434201211, 0.06603187762058382, 0.05041305013538447, 0.037915832668290704, 0.028092249542374298, 0.0205041010351718, 0.014742911033599974, 0.010442730072793368, 0.007286738024906787], [0.00809310330560679, 0.011598343865637257, 0.016374391615625688, 0.022773126644465482, 0.03120099513063369, 0.042111675986389374, 0.055991861008564264, 0.07333909977550013, 0.09463124265405456, 0.12028786244052975, 0.15062510673262794, 0.1858066374345698, 0.2257945089292997, 0.2703048414085046, 0.31877376259038087, 0.3703391357823546, 0.42384293168256826, 0.4778576875062805, 0.5307383931119393, 0.5806985335847681, 0.6259061940654629, 0.6645934634436856, 0.695170249139808, 0.7163323846143302, 0.727153819396618, 0.727153819396618, 0.7163323846143302, 0.695170249139808, 0.6645934634436858, 0.6259061940654629, 0.5806985335847681, 0.5307383931119395, 0.4778576875062805, 0.4238429316825684, 0.37033913578235456, 0.31877376259038104, 0.2703048414085048, 0.2257945089292997, 0.18580663743456988, 0.15062510673262805, 0.12028786244052975, 0.09463124265405456, 0.07333909977550018, 0.055991861008564264, 0.042111675986389374, 0.031200995130633728, 0.022773126644465482, 0.016374391615625716, 0.011598343865637267, 0.00809310330560679], [0.008854933584434862, 0.012690133900614426, 0.017915766643117302, 0.02491683552426202, 0.034138046830395924, 0.04607578575333159, 0.061262557980232134, 0.08024274905824946, 0.10353919097185743, 0.1316109522766888, 0.16480394057762876, 0.20329722380912135, 0.24704928440909424, 0.29574952003458305, 0.3487809792620201, 0.40520036965274864, 0.4637406528199395, 0.5228399942390809, 0.5806985335847681, 0.6353615854513431, 0.684824790843384, 0.727153819396618, 0.7606088979172501, 0.7837630944047564, 0.7956031862294916, 0.7956031862294917, 0.7837630944047564, 0.7606088979172501, 0.7271538193966182, 0.684824790843384, 0.6353615854513431, 0.5806985335847682, 0.5228399942390809, 0.4637406528199397, 0.4052003696527486, 0.34878097926202023, 0.29574952003458327, 0.24704928440909424, 0.20329722380912144, 0.16480394057762887, 0.1316109522766888, 0.10353919097185743, 0.08024274905824953, 0.061262557980232134, 0.04607578575333159, 0.03413804683039597, 0.02491683552426202, 0.017915766643117333, 0.012690133900614436, 0.008854933584434862], [0.009544294428163937, 0.013678066935836711, 0.019310517703798564, 0.026856623168774345, 0.03679571021565626, 0.04966280786247868, 0.06603187762058375, 0.08648968571412344, 0.11159976684933774, 0.1418569282899844, 0.17763400671456428, 0.2191240105824497, 0.2662821901693679, 0.31877376259038104, 0.3759337464564976, 0.43674541355845964, 0.4998430859608685, 0.5635433395693623, 0.6259061940654629, 0.684824790843384, 0.7381387305946908, 0.7837630944047564, 0.8198226668988434, 0.8447794287330345, 0.8575412774080385, 0.8575412774080385, 0.8447794287330345, 0.8198226668988434, 0.7837630944047566, 0.7381387305946908, 0.684824790843384, 0.6259061940654631, 0.5635433395693623, 0.49984308596086874, 0.4367454135584595, 0.37593374645649774, 0.31877376259038126, 0.2662821901693679, 0.21912401058244982, 0.17763400671456442, 0.1418569282899844, 0.11159976684933774, 0.08648968571412351, 0.06603187762058375, 0.04966280786247868, 0.03679571021565631, 0.026856623168774345, 0.019310517703798588, 0.013678066935836723, 0.009544294428163937], [0.010134227381485734, 0.014523508417543357, 0.02050410103517179, 0.02851663136963762, 0.03907005350634948, 0.052732466613377195, 0.07011330876997765, 0.09183561422767024, 0.11849774977966103, 0.1506251067326279, 0.18861356680465127, 0.2326680683102969, 0.282741095544297, 0.33847717268757177, 0.39917021584348356, 0.46374065281993954, 0.5307383931119394, 0.598375960161615, 0.6645934634436856, 0.727153819396618, 0.7837630944047564, 0.832207500690301, 0.8704959157936631, 0.8969952553767916, 0.9105459140717879, 0.9105459140717879, 0.8969952553767916, 0.8704959157936631, 0.8322075006903012, 0.7837630944047564, 0.727153819396618, 0.6645934634436859, 0.598375960161615, 0.5307383931119396, 0.4637406528199394, 0.39917021584348367, 0.338477172687572, 0.282741095544297, 0.232668068310297, 0.18861356680465136, 0.1506251067326279, 0.11849774977966103, 0.09183561422767031, 0.07011330876997765, 0.052732466613377195, 0.03907005350634953, 0.02851663136963762, 0.020504101035171817, 0.014523508417543369, 0.010134227381485734], [0.010600485501500672, 0.015191709699779843, 0.021447458949039096, 0.02982863182424126, 0.04086759850026123, 0.05515859539669433, 0.07333909977550009, 0.09606081060706428, 0.12394962449674123, 0.15755510508854673, 0.1972913479276908, 0.2433727201830241, 0.295749520034583, 0.3540499168410722, 0.41753534101771766, 0.48507655113946413, 0.5551567405672378, 0.625906194065463, 0.695170249139808, 0.7606088979172501, 0.8198226668988434, 0.8704959157936631, 0.9105459140717879, 0.9382644420341153, 0.9524385428930041, 0.9524385428930041, 0.9382644420341153, 0.9105459140717879, 0.8704959157936633, 0.8198226668988434, 0.7606088979172501, 0.6951702491398083, 0.625906194065463, 0.5551567405672381, 0.485076551139464, 0.41753534101771783, 0.35404991684107245, 0.295749520034583, 0.24337272018302422, 0.1972913479276909, 0.15755510508854673, 0.12394962449674123, 0.09606081060706437, 0.07333909977550009, 0.05515859539669433, 0.04086759850026129, 0.02982863182424126, 0.021447458949039124, 0.015191709699779857, 0.010600485501500672], [0.010923181863371807, 0.0156541705417882, 0.022100355174712503, 0.030736664854229705, 0.04211167598638935, 0.056837714533069295, 0.07557166362147749, 0.09898506101964241, 0.1277228566637707, 0.16235134382677252, 0.20329722380912144, 0.2507813894718624, 0.3047526259891908, 0.3648277835783285, 0.43024580937126305, 0.49984308596086857, 0.5720566325980249, 0.6449598168140569, 0.7163323846143302, 0.7837630944047564, 0.8447794287330345, 0.8969952553767916, 0.9382644420341153, 0.9668267679648094, 0.9814323519646647, 0.9814323519646647, 0.9668267679648094, 0.9382644420341153, 0.8969952553767918, 0.8447794287330345, 0.7837630944047564, 0.7163323846143305, 0.6449598168140569, 0.5720566325980252, 0.49984308596086846, 0.4302458093712632, 0.3648277835783288, 0.3047526259891908, 0.2507813894718625, 0.20329722380912157, 0.16235134382677252, 0.1277228566637707, 0.09898506101964251, 0.07557166362147749, 0.056837714533069295, 0.04211167598638941, 0.030736664854229705, 0.02210035517471253, 0.015654170541788213, 0.010923181863371807], [0.011088195344108386, 0.01589065375716031, 0.022434219114589114, 0.031200995130633676, 0.04274784540305604, 0.05769634613231642, 0.0767133037969515, 0.10048040089991539, 0.1296523304573346, 0.16480394057762873, 0.2063683786195451, 0.2545698744113537, 0.30935643943907204, 0.37033913578235467, 0.4367454135584595, 0.5073940769146214, 0.5806985335847681, 0.6547030459975418, 0.727153819396618, 0.7956031862294916, 0.8575412774080385, 0.9105459140717879, 0.9524385428930041, 0.9814323519646647, 0.9962585784736491, 0.9962585784736491, 0.9814323519646647, 0.9524385428930041, 0.910545914071788, 0.8575412774080385, 0.7956031862294916, 0.7271538193966183, 0.6547030459975418, 0.5806985335847684, 0.5073940769146212, 0.4367454135584597, 0.3703391357823549, 0.30935643943907204, 0.2545698744113538, 0.20636837861954524, 0.16480394057762873, 0.1296523304573346, 0.10048040089991547, 0.0767133037969515, 0.05769634613231642, 0.042747845403056095, 0.031200995130633676, 0.022434219114589145, 0.015890653757160325, 0.011088195344108386], [0.011088195344108386, 0.01589065375716031, 0.022434219114589114, 0.031200995130633676, 0.04274784540305604, 0.05769634613231642, 0.0767133037969515, 0.10048040089991539, 0.1296523304573346, 0.16480394057762873, 0.2063683786195451, 0.2545698744113537, 0.30935643943907204, 0.3703391357823547, 0.4367454135584596, 0.5073940769146215, 0.5806985335847682, 0.6547030459975418, 0.727153819396618, 0.7956031862294917, 0.8575412774080385, 0.9105459140717879, 0.9524385428930041, 0.9814323519646647, 0.9962585784736491, 0.9962585784736492, 0.9814323519646647, 0.9524385428930041, 0.910545914071788, 0.8575412774080385, 0.7956031862294917, 0.7271538193966183, 0.6547030459975418, 0.5806985335847684, 0.5073940769146214, 0.43674541355845975, 0.37033913578235494, 0.30935643943907204, 0.2545698744113538, 0.20636837861954524, 0.16480394057762873, 0.1296523304573346, 0.10048040089991547, 0.0767133037969515, 0.05769634613231642, 0.042747845403056095, 0.031200995130633676, 0.022434219114589145, 0.015890653757160325, 0.011088195344108386], [0.010923181863371807, 0.0156541705417882, 0.022100355174712503, 0.030736664854229705, 0.04211167598638935, 0.056837714533069295, 0.07557166362147749, 0.09898506101964241, 0.1277228566637707, 0.16235134382677252, 0.20329722380912144, 0.2507813894718624, 0.3047526259891908, 0.3648277835783285, 0.43024580937126305, 0.49984308596086857, 0.5720566325980249, 0.6449598168140569, 0.7163323846143302, 0.7837630944047564, 0.8447794287330345, 0.8969952553767916, 0.9382644420341153, 0.9668267679648094, 0.9814323519646647, 0.9814323519646647, 0.9668267679648094, 0.9382644420341153, 0.8969952553767918, 0.8447794287330345, 0.7837630944047564, 0.7163323846143305, 0.6449598168140569, 0.5720566325980252, 0.49984308596086846, 0.4302458093712632, 0.3648277835783288, 0.3047526259891908, 0.2507813894718625, 0.20329722380912157, 0.16235134382677252, 0.1277228566637707, 0.09898506101964251, 0.07557166362147749, 0.056837714533069295, 0.04211167598638941, 0.030736664854229705, 0.02210035517471253, 0.015654170541788213, 0.010923181863371807], [0.010600485501500672, 0.015191709699779843, 0.021447458949039096, 0.02982863182424126, 0.04086759850026123, 0.05515859539669433, 0.07333909977550009, 0.09606081060706428, 0.12394962449674123, 0.15755510508854673, 0.1972913479276908, 0.2433727201830241, 0.295749520034583, 0.3540499168410722, 0.41753534101771766, 0.48507655113946413, 0.5551567405672378, 0.625906194065463, 0.695170249139808, 0.7606088979172501, 0.8198226668988434, 0.8704959157936631, 0.9105459140717879, 0.9382644420341153, 0.9524385428930041, 0.9524385428930041, 0.9382644420341153, 0.9105459140717879, 0.8704959157936633, 0.8198226668988434, 0.7606088979172501, 0.6951702491398083, 0.625906194065463, 0.5551567405672381, 0.485076551139464, 0.41753534101771783, 0.35404991684107245, 0.295749520034583, 0.24337272018302422, 0.1972913479276909, 0.15755510508854673, 0.12394962449674123, 0.09606081060706437, 0.07333909977550009, 0.05515859539669433, 0.04086759850026129, 0.02982863182424126, 0.021447458949039124, 0.015191709699779857, 0.010600485501500672], [0.010134227381485745, 0.014523508417543369, 0.02050410103517179, 0.02851663136963762, 0.03907005350634948, 0.052732466613377195, 0.07011330876997765, 0.09183561422767024, 0.11849774977966103, 0.15062510673262794, 0.18861356680465127, 0.23266806831029693, 0.28274109554429705, 0.3384771726875718, 0.3991702158434836, 0.46374065281993965, 0.5307383931119395, 0.5983759601616151, 0.6645934634436858, 0.7271538193966182, 0.7837630944047566, 0.8322075006903012, 0.8704959157936633, 0.8969952553767918, 0.910545914071788, 0.910545914071788, 0.8969952553767918, 0.8704959157936633, 0.8322075006903014, 0.7837630944047566, 0.7271538193966182, 0.664593463443686, 0.5983759601616151, 0.5307383931119398, 0.46374065281993954, 0.3991702158434838, 0.3384771726875721, 0.28274109554429705, 0.23266806831029704, 0.18861356680465138, 0.15062510673262794, 0.11849774977966103, 0.09183561422767031, 0.07011330876997765, 0.052732466613377195, 0.03907005350634953, 0.02851663136963762, 0.020504101035171817, 0.014523508417543383, 0.010134227381485745], [0.009544294428163937, 0.013678066935836711, 0.019310517703798564, 0.026856623168774345, 0.03679571021565626, 0.04966280786247868, 0.06603187762058375, 0.08648968571412344, 0.11159976684933774, 0.1418569282899844, 0.17763400671456428, 0.2191240105824497, 0.2662821901693679, 0.31877376259038104, 0.3759337464564976, 0.43674541355845964, 0.4998430859608685, 0.5635433395693623, 0.6259061940654629, 0.684824790843384, 0.7381387305946908, 0.7837630944047564, 0.8198226668988434, 0.8447794287330345, 0.8575412774080385, 0.8575412774080385, 0.8447794287330345, 0.8198226668988434, 0.7837630944047566, 0.7381387305946908, 0.684824790843384, 0.6259061940654631, 0.5635433395693623, 0.49984308596086874, 0.4367454135584595, 0.37593374645649774, 0.31877376259038126, 0.2662821901693679, 0.21912401058244982, 0.17763400671456442, 0.1418569282899844, 0.11159976684933774, 0.08648968571412351, 0.06603187762058375, 0.04966280786247868, 0.03679571021565631, 0.026856623168774345, 0.019310517703798588, 0.013678066935836723, 0.009544294428163937], [0.008854933584434862, 0.012690133900614426, 0.017915766643117302, 0.02491683552426202, 0.034138046830395924, 0.04607578575333159, 0.061262557980232134, 0.08024274905824946, 0.10353919097185743, 0.1316109522766888, 0.16480394057762876, 0.20329722380912135, 0.24704928440909424, 0.29574952003458305, 0.3487809792620201, 0.40520036965274864, 0.4637406528199395, 0.5228399942390809, 0.5806985335847681, 0.6353615854513431, 0.684824790843384, 0.727153819396618, 0.7606088979172501, 0.7837630944047564, 0.7956031862294916, 0.7956031862294917, 0.783