<!DOCTYPE html>
<html lang="en">
<head>
<meta charset="utf-8">
<meta name="viewport" content="width=device-width, initial-scale=1">
<title>3D Surface + Scatter — Fitted Surface vs Observations</title>
<style>
* { margin:0; padding:0; box-sizing:border-box; }
html, body { width:100%; height:100%; overflow:hidden;
  background:#1e1e1e; font-family:sans-serif; }
canvas { display:block; }

/* -- Tooltip -- */
#glx-tip {
  position:fixed; pointer-events:none; display:none;
  background:rgba(15,23,42,0.92); color:#f8fafc;
  padding:7px 12px; border-radius:7px; font-size:12.5px;
  line-height:1.6; max-width:260px; white-space:pre-line;
  box-shadow:0 4px 18px rgba(0,0,0,0.35); z-index:9999;
}

/* -- Title -- */
#glx-title {
  position:fixed; top:12px; left:50%; transform:translateX(-50%);
  font-size:17px; font-weight:700; color:#ffffff;
  pointer-events:none; text-shadow:0 1px 4px rgba(0,0,0,0.3);
}

/* -- Control panel -- */
#glx-panel {
  position:fixed; bottom:18px; left:50%; transform:translateX(-50%);
  display:flex; gap:6px; flex-wrap:wrap; justify-content:center;
  background:rgba(15,23,42,0.55); border-radius:12px;
  padding:8px 12px; backdrop-filter:blur(6px);
}
.glx-btn {
  background:rgba(255,255,255,0.12); border:1px solid rgba(255,255,255,0.2);
  color:#f1f5f9; font-size:11.5px; font-family:inherit;
  padding:5px 11px; border-radius:7px; cursor:pointer;
  transition:background 0.15s, transform 0.1s;
  white-space:nowrap; user-select:none;
}
.glx-btn:hover  { background:rgba(255,255,255,0.22); }
.glx-btn:active { transform:scale(0.95); }
.glx-btn.active { background:rgba(99,102,241,0.6); border-color:#818cf8; }
.glx-sep { width:1px; background:rgba(255,255,255,0.15); margin:0 2px; }

/* -- Legend -- */
#glx-legend {
  position:fixed; right:16px; top:50%; transform:translateY(-50%);
  background:rgba(15,23,42,0.65); border-radius:10px;
  padding:10px 14px; color:#ffffff; font-size:12px;
  backdrop-filter:blur(6px);
}
#glx-legend .glx-leg-item {
  display:flex; align-items:center; gap:8px;
  margin:5px 0; cursor:pointer; user-select:none;
  transition:opacity 0.2s;
}
#glx-legend .glx-leg-item:hover { opacity:0.8; }
#glx-legend .glx-swatch {
  width:14px; height:14px; border-radius:3px; flex-shrink:0;
}

/* -- Help overlay -- */
#glx-help {
  position:fixed; inset:0;
  background:rgba(0,0,0,0.65);
  display:none; align-items:center; justify-content:center;
  z-index:99999; backdrop-filter:blur(4px);
}
#glx-help-box {
  background:#1e293b; color:#f8fafc;
  border-radius:14px; padding:28px 34px;
  max-width:400px; width:90%;
  box-shadow:0 20px 60px rgba(0,0,0,0.5);
}
#glx-help-box h3 { margin-bottom:16px; font-size:15px; }
#glx-help-box table { border-collapse:collapse; width:100%; font-size:12.5px; }
#glx-help-box td   { padding:4px 0; }
#glx-help-box td:first-child { opacity:0.5; width:120px; }
#glx-help-box .close-hint {
  margin-top:14px; text-align:center;
  opacity:0.4; font-size:11px;
}

/* -- Axis value readout (surface probe) -- */
#glx-readout {
  position:fixed; left:16px; bottom:18px;
  background:rgba(15,23,42,0.7); color:#94a3b8;
  font-size:11.5px; padding:6px 10px; border-radius:7px;
  display:none; font-variant-numeric:tabular-nums;
  backdrop-filter:blur(4px);
}

/* -- Selection highlight -- */
.glx-selected { outline:none; }
</style>
</head>
<body>
<div id="glx-title">3D Surface + Scatter — Fitted Surface vs Observations</div>
<div id="glx-tip"></div>
<div id="glx-readout"></div>

<!-- Legend -->
<div id="glx-legend" style="display:block"><div class="glx-leg-item" data-series="1" title="Click to show/hide"><div class="glx-swatch" style="background:#f87171"></div><span>Observations</span></div></div>

<!-- Control panel -->
<div id="glx-panel">
  <button class="glx-btn" onclick="setCam('iso')"     title="Isometric view (I)"> ISO</button>
  <button class="glx-btn" onclick="setCam('top')"     title="Top view (T)">^ Top</button>
  <button class="glx-btn" onclick="setCam('front')"   title="Front view (V)">[] Front</button>
  <button class="glx-btn" onclick="setCam('side')"    title="Side view (S)">< Side</button>
  <div class="glx-sep"></div>
  <button class="glx-btn" id="btn-rotate" onclick="toggleRotate()" title="Auto-rotate (Space)"> Rotate</button>
  <button class="glx-btn" onclick="resetView()"       title="Reset camera (R)">Reset Reset</button>
  <div class="glx-sep"></div>
  <button class="glx-btn" onclick="screenshot()"      title="Save PNG (P)">PNG PNG</button>
  <button class="glx-btn" onclick="toggleFullscreen()" title="Fullscreen (F)"> Full</button>
  <button class="glx-btn" onclick="showHelp()"        title="Keyboard help (H)">? Help</button>
</div>

<!-- Help overlay -->
<div id="glx-help" onclick="closeHelp()">
  <div id="glx-help-box">
    <h3>KB GlyphX 3D Shortcuts</h3>
    <table>
      <tr><td>Drag</td><td>Rotate camera</td></tr>
      <tr><td>Right-drag / Ctrl+drag</td><td>Pan</td></tr>
      <tr><td>Scroll</td><td>Zoom</td></tr>
      <tr><td>Arrow keys</td><td>Rotate (fine)</td></tr>
      <tr><td>+  /  -</td><td>Zoom in / out</td></tr>
      <tr><td>Space</td><td>Toggle auto-rotate</td></tr>
      <tr><td>R</td><td>Reset view</td></tr>
      <tr><td>I / T / V / S</td><td>ISO / Top / Front / Side</td></tr>
      <tr><td>P</td><td>Save PNG screenshot</td></tr>
      <tr><td>F</td><td>Toggle fullscreen</td></tr>
      <tr><td>Click point</td><td>Select / highlight</td></tr>
      <tr><td>Esc</td><td>Deselect / close</td></tr>
      <tr><td>H</td><td>This help screen</td></tr>
    </table>
    <div class="close-hint">Click anywhere or press Esc to close</div>
  </div>
</div>

<script src="https://cdnjs.cloudflare.com/ajax/libs/three.js/r128/three.min.js"></script>
<script>
// =======================================================================
// Data & config
// =======================================================================
const DATA    = [{"type": "surface", "x": [-2.0, -1.8620689655172413, -1.7241379310344827, -1.5862068965517242, -1.4482758620689655, -1.3103448275862069, -1.1724137931034484, -1.0344827586206897, -0.896551724137931, -0.7586206896551724, -0.6206896551724137, -0.48275862068965525, -0.3448275862068966, -0.2068965517241379, -0.06896551724137945, 0.06896551724137945, 0.2068965517241379, 0.34482758620689635, 0.48275862068965525, 0.6206896551724137, 0.7586206896551726, 0.896551724137931, 1.0344827586206895, 1.1724137931034484, 1.3103448275862069, 1.4482758620689653, 1.5862068965517242, 1.7241379310344827, 1.862068965517241, 2.0], "y": [-2.0, -1.8620689655172413, -1.7241379310344827, -1.5862068965517242, -1.4482758620689655, -1.3103448275862069, -1.1724137931034484, -1.0344827586206897, -0.896551724137931, -0.7586206896551724, -0.6206896551724137, -0.48275862068965525, -0.3448275862068966, -0.2068965517241379, -0.06896551724137945, 0.06896551724137945, 0.2068965517241379, 0.34482758620689635, 0.48275862068965525, 0.6206896551724137, 0.7586206896551726, 0.896551724137931, 1.0344827586206895, 1.1724137931034484, 1.3103448275862069, 1.4482758620689653, 1.5862068965517242, 1.7241379310344827, 1.862068965517241, 2.0], "z": [[8.0, 7.467300832342449, 6.972651605231866, 6.516052318668253, 6.097502972651606, 5.717003567181926, 5.374554102259216, 5.070154577883472, 4.803804994054697, 4.57550535077289, 4.38525564803805, 4.233055885850178, 4.118906064209274, 4.042806183115339, 4.004756242568371, 4.004756242568371, 4.042806183115339, 4.118906064209274, 4.233055885850178, 4.38525564803805, 4.57550535077289, 4.803804994054697, 5.070154577883471, 5.374554102259216, 5.717003567181926, 6.097502972651604, 6.516052318668253, 6.972651605231866, 7.467300832342449, 8.0], [7.467300832342449, 6.934601664684899, 6.439952437574316, 5.983353151010702, 5.564803804994055, 5.184304399524375, 4.841854934601665, 4.537455410225922, 4.271105826397147, 4.042806183115339, 3.8525564803804992, 3.700356718192628, 3.586206896551724, 3.5101070154577885, 3.4720570749108206, 3.4720570749108206, 3.5101070154577885, 3.586206896551724, 3.700356718192628, 3.8525564803804992, 4.0428061831153395, 4.271105826397147, 4.537455410225921, 4.841854934601665, 5.184304399524375, 5.564803804994054, 5.983353151010702, 6.439952437574316, 6.934601664684898, 7.467300832342449], [6.972651605231866, 6.439952437574316, 5.945303210463733, 5.488703923900118, 5.070154577883471, 4.689655172413793, 4.3472057074910815, 4.042806183115339, 3.776456599286563, 3.548156956004756, 3.357907253269916, 3.2057074910820447, 3.091557669441141, 3.0154577883472053, 2.9774078478002375, 2.9774078478002375, 3.0154577883472053, 3.091557669441141, 3.2057074910820447, 3.357907253269916, 3.548156956004756, 3.776456599286563, 4.042806183115339, 4.3472057074910815, 4.689655172413793, 5.070154577883471, 5.488703923900118, 5.945303210463733, 6.4399524375743145, 6.972651605231866], [6.516052318668253, 5.983353151010702, 5.488703923900118, 5.032104637336505, 4.613555291319858, 4.233055885850178, 3.890606420927468, 3.5862068965517246, 3.319857312722949, 3.0915576694411415, 2.901307966706302, 2.7491082045184307, 2.634958382877527, 2.5588585017835914, 2.5208085612366236, 2.5208085612366236, 2.5588585017835914, 2.634958382877527, 2.7491082045184307, 2.901307966706302, 3.091557669441142, 3.319857312722949, 3.586206896551724, 3.890606420927468, 4.233055885850178, 4.613555291319857, 5.032104637336505, 5.488703923900118, 5.983353151010701, 6.516052318668253], [6.097502972651606, 5.564803804994055, 5.070154577883471, 4.613555291319858, 4.195005945303211, 3.8145065398335314, 3.472057074910821, 3.1676575505350777, 2.901307966706302, 2.6730083234244946, 2.4827586206896552, 2.330558858501784, 2.21640903686088, 2.1403091557669445, 2.1022592152199766, 2.1022592152199766, 2.1403091557669445, 2.21640903686088, 2.330558858501784, 2.4827586206896552, 2.673008323424495, 2.901307966706302, 3.1676575505350772, 3.472057074910821, 3.8145065398335314, 4.19500594530321, 4.613555291319858, 5.070154577883471, 5.564803804994054, 6.097502972651606], [5.717003567181926, 5.184304399524375, 4.689655172413793, 4.233055885850178, 3.8145065398335314, 3.4340071343638523, 3.0915576694411415, 2.7871581450653986, 2.520808561236623, 2.2925089179548155, 2.102259215219976, 1.9500594530321047, 1.835909631391201, 1.759809750297265, 1.721759809750297, 1.721759809750297, 1.759809750297265, 1.8359096313912007, 1.9500594530321047, 2.102259215219976, 2.292508917954816, 2.520808561236623, 2.7871581450653977, 3.0915576694411415, 3.4340071343638523, 3.8145065398335305, 4.233055885850178, 4.689655172413793, 5.1843043995243745, 5.717003567181926], [5.374554102259216, 4.841854934601665, 4.3472057074910815, 3.890606420927468, 3.472057074910821, 3.0915576694411415, 2.749108204518431, 2.444708680142688, 2.1783590963139123, 1.950059453032105, 1.7598097502972654, 1.607609988109394, 1.4934601664684903, 1.4173602853745544, 1.3793103448275865, 1.3793103448275865, 1.4173602853745544, 1.4934601664684901, 1.607609988109394, 1.7598097502972654, 1.9500594530321052, 2.1783590963139123, 2.4447086801426874, 2.749108204518431, 3.0915576694411415, 3.47205707491082, 3.890606420927468, 4.3472057074910815, 4.841854934601664, 5.374554102259216], [5.070154577883472, 4.537455410225922, 4.042806183115339, 3.5862068965517246, 3.1676575505350777, 2.7871581450653986, 2.444708680142688, 2.1403091557669445, 1.873959571938169, 1.6456599286563616, 1.455410225921522, 1.3032104637336506, 1.189060642092747, 1.112960760998811, 1.0749108204518432, 1.0749108204518432, 1.112960760998811, 1.1890606420927468, 1.3032104637336506, 1.455410225921522, 1.6456599286563618, 1.873959571938169, 2.140309155766944, 2.444708680142688, 2.7871581450653986, 3.167657550535077, 3.5862068965517246, 4.042806183115339, 4.53745541022592, 5.070154577883472], [4.803804994054697, 4.271105826397147, 3.776456599286563, 3.319857312722949, 2.901307966706302, 2.520808561236623, 2.1783590963139123, 1.873959571938169, 1.6076099881093937, 1.3793103448275863, 1.1890606420927468, 1.0368608799048753, 0.9227110582639715, 0.8466111771700358, 0.8085612366230679, 0.8085612366230679, 0.8466111771700358, 0.9227110582639714, 1.0368608799048753, 1.1890606420927468, 1.3793103448275865, 1.6076099881093937, 1.8739595719381685, 2.1783590963139123, 2.520808561236623, 2.9013079667063013, 3.319857312722949, 3.776456599286563, 4.271105826397146, 4.803804994054697], [4.57550535077289, 4.042806183115339, 3.548156956004756, 3.0915576694411415, 2.6730083234244946, 2.2925089179548155, 1.950059453032105, 1.6456599286563616, 1.3793103448275863, 1.1510107015457787, 0.9607609988109391, 0.8085612366230678, 0.6944114149821641, 0.6183115338882282, 0.5802615933412604, 0.5802615933412604, 0.6183115338882282, 0.6944114149821639, 0.8085612366230678, 0.9607609988109391, 1.1510107015457791, 1.3793103448275863, 1.6456599286563611, 1.950059453032105, 2.2925089179548155, 2.6730083234244937, 3.0915576694411415, 3.548156956004756, 4.042806183115338, 4.57550535077289], [4.38525564803805, 3.8525564803804992, 3.357907253269916, 2.901307966706302, 2.4827586206896552, 2.102259215219976, 1.7598097502972654, 1.455410225921522, 1.1890606420927468, 0.9607609988109391, 0.7705112960760997, 0.6183115338882283, 0.5041617122473245, 0.4280618311533887, 0.39001189060642083, 0.39001189060642083, 0.4280618311533887, 0.5041617122473244, 0.6183115338882283, 0.7705112960760997, 0.9607609988109396, 1.1890606420927468, 1.4554102259215216, 1.7598097502972654, 2.102259215219976, 2.4827586206896544, 2.901307966706302, 3.357907253269916, 3.8525564803804984, 4.38525564803805], [4.233055885850178, 3.700356718192628, 3.2057074910820447, 2.7491082045184307, 2.330558858501784, 1.9500594530321047, 1.607609988109394, 1.3032104637336506, 1.0368608799048753, 0.8085612366230678, 0.6183115338882283, 0.4661117717003569, 0.35196195005945313, 0.2758620689655173, 0.23781212841854946, 0.23781212841854946, 0.2758620689655173, 0.35196195005945297, 0.4661117717003569, 0.6183115338882283, 0.8085612366230681, 1.0368608799048753, 1.3032104637336501, 1.607609988109394, 1.9500594530321047, 2.330558858501783, 2.7491082045184307, 3.2057074910820447, 3.700356718192627, 4.233055885850178], [4.118906064209274, 3.586206896551724, 3.091557669441141, 2.634958382877527, 2.21640903686088, 1.835909631391201, 1.4934601664684903, 1.189060642092747, 0.9227110582639715, 0.6944114149821641, 0.5041617122473245, 0.35196195005945313, 0.23781212841854937, 0.16171224732461356, 0.1236623067776457, 0.1236623067776457, 0.16171224732461356, 0.2378121284185492, 0.35196195005945313, 0.5041617122473245, 0.6944114149821643, 0.9227110582639715, 1.1890606420927465, 1.4934601664684903, 1.835909631391201, 2.2164090368608793, 2.634958382877527, 3.091557669441141, 3.5862068965517233, 4.118906064209274], [4.042806183115339, 3.5101070154577885, 3.0154577883472053, 2.5588585017835914, 2.1403091557669445, 1.759809750297265, 1.4173602853745544, 1.112960760998811, 0.8466111771700358, 0.6183115338882282, 0.4280618311533887, 0.2758620689655173, 0.16171224732461356, 0.08561236623067774, 0.04756242568370987, 0.04756242568370987, 0.08561236623067774, 0.1617122473246134, 0.2758620689655173, 0.4280618311533887, 0.6183115338882286, 0.8466111771700358, 1.1129607609988106, 1.4173602853745544, 1.759809750297265, 2.1403091557669436, 2.5588585017835914, 3.0154577883472053, 3.5101070154577876, 4.042806183115339], [4.004756242568371, 3.4720570749108206, 2.9774078478002375, 2.5208085612366236, 2.1022592152199766, 1.721759809750297, 1.3793103448275865, 1.0749108204518432, 0.8085612366230679, 0.5802615933412604, 0.39001189060642083, 0.23781212841854946, 0.1236623067776457, 0.04756242568370987, 0.009512485136742011, 0.009512485136742011, 0.04756242568370987, 0.12366230677764554, 0.23781212841854946, 0.39001189060642083, 0.5802615933412607, 0.8085612366230679, 1.0749108204518427, 1.3793103448275865, 1.721759809750297, 2.1022592152199757, 2.5208085612366236, 2.9774078478002375, 3.4720570749108197, 4.004756242568371], [4.004756242568371, 3.4720570749108206, 2.9774078478002375, 2.5208085612366236, 2.1022592152199766, 1.721759809750297, 1.3793103448275865, 1.0749108204518432, 0.8085612366230679, 0.5802615933412604, 0.39001189060642083, 0.23781212841854946, 0.1236623067776457, 0.04756242568370987, 0.009512485136742011, 0.009512485136742011, 0.04756242568370987, 0.12366230677764554, 0.23781212841854946, 0.39001189060642083, 0.5802615933412607, 0.8085612366230679, 1.0749108204518427, 1.3793103448275865, 1.721759809750297, 2.1022592152199757, 2.5208085612366236, 2.9774078478002375, 3.4720570749108197, 4.004756242568371], [4.042806183115339, 3.5101070154577885, 3.0154577883472053, 2.5588585017835914, 2.1403091557669445, 1.759809750297265, 1.4173602853745544, 1.112960760998811, 0.8466111771700358, 0.6183115338882282, 0.4280618311533887, 0.2758620689655173, 0.16171224732461356, 0.08561236623067774, 0.04756242568370987, 0.04756242568370987, 0.08561236623067774, 0.1617122473246134, 0.2758620689655173, 0.4280618311533887, 0.6183115338882286, 0.8466111771700358, 1.1129607609988106, 1.4173602853745544, 1.759809750297265, 2.1403091557669436, 2.5588585017835914, 3.0154577883472053, 3.5101070154577876, 4.042806183115339], [4.118906064209274, 3.586206896551724, 3.091557669441141, 2.634958382877527, 2.21640903686088, 1.8359096313912007, 1.4934601664684901, 1.1890606420927468, 0.9227110582639714, 0.6944114149821639, 0.5041617122473244, 0.35196195005945297, 0.2378121284185492, 0.1617122473246134, 0.12366230677764554, 0.12366230677764554, 0.1617122473246134, 0.23781212841854907, 0.35196195005945297, 0.5041617122473244, 0.6944114149821642, 0.9227110582639714, 1.1890606420927463, 1.4934601664684901, 1.8359096313912007, 2.2164090368608793, 2.634958382877527, 3.091557669441141, 3.5862068965517233, 4.118906064209274], [4.233055885850178, 3.700356718192628, 3.2057074910820447, 2.7491082045184307, 2.330558858501784, 1.9500594530321047, 1.607609988109394, 1.3032104637336506, 1.0368608799048753, 0.8085612366230678, 0.6183115338882283, 0.4661117717003569, 0.35196195005945313, 0.2758620689655173, 0.23781212841854946, 0.23781212841854946, 0.2758620689655173, 0.35196195005945297, 0.4661117717003569, 0.6183115338882283, 0.8085612366230681, 1.0368608799048753, 1.3032104637336501, 1.607609988109394, 1.9500594530321047, 2.330558858501783, 2.7491082045184307, 3.2057074910820447, 3.700356718192627, 4.233055885850178], [4.38525564803805, 3.8525564803804992, 3.357907253269916, 2.901307966706302, 2.4827586206896552, 2.102259215219976, 1.7598097502972654, 1.455410225921522, 1.1890606420927468, 0.9607609988109391, 0.7705112960760997, 0.6183115338882283, 0.5041617122473245, 0.4280618311533887, 0.39001189060642083, 0.39001189060642083, 0.4280618311533887, 0.5041617122473244, 0.6183115338882283, 0.7705112960760997, 0.9607609988109396, 1.1890606420927468, 1.4554102259215216, 1.7598097502972654, 2.102259215219976, 2.4827586206896544, 2.901307966706302, 3.357907253269916, 3.8525564803804984, 4.38525564803805], [4.57550535077289, 4.0428061831153395, 3.548156956004756, 3.091557669441142, 2.673008323424495, 2.292508917954816, 1.9500594530321052, 1.6456599286563618, 1.3793103448275865, 1.1510107015457791, 0.9607609988109396, 0.8085612366230681, 0.6944114149821643, 0.6183115338882286, 0.5802615933412607, 0.5802615933412607, 0.6183115338882286, 0.6944114149821642, 0.8085612366230681, 0.9607609988109396, 1.1510107015457793, 1.3793103448275865, 1.6456599286563613, 1.9500594530321052, 2.292508917954816, 2.673008323424494, 3.091557669441142, 3.548156956004756, 4.042806183115339, 4.57550535077289], [4.803804994054697, 4.271105826397147, 3.776456599286563, 3.319857312722949, 2.901307966706302, 2.520808561236623, 2.1783590963139123, 1.873959571938169, 1.6076099881093937, 1.3793103448275863, 1.1890606420927468, 1.0368608799048753, 0.9227110582639715, 0.8466111771700358, 0.8085612366230679, 0.8085612366230679, 0.8466111771700358, 0.9227110582639714, 1.0368608799048753, 1.1890606420927468, 1.3793103448275865, 1.6076099881093937, 1.8739595719381685, 2.1783590963139123, 2.520808561236623, 2.9013079667063013, 3.319857312722949, 3.776456599286563, 4.271105826397146, 4.803804994054697], [5.070154577883471, 4.537455410225921, 4.042806183115339, 3.586206896551724, 3.1676575505350772, 2.7871581450653977, 2.4447086801426874, 2.140309155766944, 1.8739595719381685, 1.6456599286563611, 1.4554102259215216, 1.3032104637336501, 1.1890606420927465, 1.1129607609988106, 1.0749108204518427, 1.0749108204518427, 1.1129607609988106, 1.1890606420927463, 1.3032104637336501, 1.4554102259215216, 1.6456599286563613, 1.8739595719381685, 2.1403091557669436, 2.4447086801426874, 2.7871581450653977, 3.1676575505350764, 3.586206896551724, 4.042806183115339, 4.53745541022592, 5.070154577883471], [5.374554102259216, 4.841854934601665, 4.3472057074910815, 3.890606420927468, 3.472057074910821, 3.0915576694411415, 2.749108204518431, 2.444708680142688, 2.1783590963139123, 1.950059453032105, 1.7598097502972654, 1.607609988109394, 1.4934601664684903, 1.4173602853745544, 1.3793103448275865, 1.3793103448275865, 1.4173602853745544, 1.4934601664684901, 1.607609988109394, 1.7598097502972654, 1.9500594530321052, 2.1783590963139123, 2.4447086801426874, 2.749108204518431, 3.0915576694411415, 3.47205707491082, 3.890606420927468, 4.3472057074910815, 4.841854934601664, 5.374554102259216], [5.717003567181926, 5.184304399524375, 4.689655172413793, 4.233055885850178, 3.8145065398335314, 3.4340071343638523, 3.0915576694411415, 2.7871581450653986, 2.520808561236623, 2.2925089179548155, 2.102259215219976, 1.9500594530321047, 1.835909631391201, 1.759809750297265, 1.721759809750297, 1.721759809750297, 1.759809750297265, 1.8359096313912007, 1.9500594530321047, 2.102259215219976, 2.292508917954816, 2.520808561236623, 2.7871581450653977, 3.0915576694411415, 3.4340071343638523, 3.8145065398335305, 4.233055885850178, 4.689655172413793, 5.1843043995243745, 5.717003567181926], [6.097502972651604, 5.564803804994054, 5.070154577883471, 4.613555291319857, 4.19500594530321, 3.8145065398335305, 3.47205707491082, 3.167657550535077, 2.9013079667063013, 2.6730083234244937, 2.4827586206896544, 2.330558858501783, 2.2164090368608793, 2.1403091557669436, 2.1022592152199757, 2.1022592152199757, 2.1403091557669436, 2.2164090368608793, 2.330558858501783, 2.4827586206896544, 2.673008323424494, 2.9013079667063013, 3.1676575505350764, 3.47205707491082, 3.8145065398335305, 4.195005945303209, 4.613555291319857, 5.070154577883471, 5.564803804994053, 6.097502972651604], [6.516052318668253, 5.983353151010702, 5.488703923900118, 5.032104637336505, 4.613555291319858, 4.233055885850178, 3.890606420927468, 3.5862068965517246, 3.319857312722949, 3.0915576694411415, 2.901307966706302, 2.7491082045184307, 2.634958382877527, 2.5588585017835914, 2.5208085612366236, 2.5208085612366236, 2.5588585017835914, 2.634958382877527, 2.7491082045184307, 2.901307966706302, 3.091557669441142, 3.319857312722949, 3.586206896551724, 3.890606420927468, 4.233055885850178, 4.613555291319857, 5.032104637336505, 5.488703923900118, 5.983353151010701, 6.516052318668253], [6.972651605231866, 6.439952437574316, 5.945303210463733, 5.488703923900118, 5.070154577883471, 4.689655172413793, 4.3472057074910815, 4.042806183115339, 3.776456599286563, 3.548156956004756, 3.357907253269916, 3.2057074910820447, 3.091557669441141, 3.0154577883472053, 2.9774078478002375, 2.9774078478002375, 3.0154577883472053, 3.091557669441141, 3.2057074910820447, 3.357907253269916, 3.548156956004756, 3.776456599286563, 4.042806183115339, 4.3472057074910815, 4.689655172413793, 5.070154577883471, 5.488703923900118, 5.945303210463733, 6.4399524375743145, 6.972651605231866], [7.467300832342449, 6.934601664684898, 6.4399524375743145, 5.983353151010701, 5.564803804994054, 5.1843043995243745, 4.841854934601664, 4.53745541022592, 4.271105826397146, 4.042806183115338, 3.8525564803804984, 3.700356718192627, 3.5862068965517233, 3.5101070154577876, 3.4720570749108197, 3.4720570749108197, 3.5101070154577876, 3.5862068965517233, 3.700356718192627, 3.8525564803804984, 4.042806183115339, 4.271105826397146, 4.53745541022592, 4.841854934601664, 5.1843043995243745, 5.564803804994053, 5.983353151010701, 6.4399524375743145, 6.934601664684897, 7.467300832342449], [8.0, 7.467300832342449, 6.972651605231866, 6.516052318668253, 6.097502972651606, 5.717003567181926, 5.374554102259216, 5.070154577883472, 4.803804994054697, 4.57550535077289, 4.38525564803805, 4.233055885850178, 4.118906064209274, 4.042806183115339, 4.004756242568371, 4.004756242568371, 4.042806183115339, 4.118906064209274, 4.233055885850178, 4.38525564803805, 4.57550535077289, 4.803804994054697, 5.070154577883471, 5.374554102259216, 5.717003567181926, 6.097502972651604, 6.516052318668253, 6.972651605231866, 7.467300832342449, 8.0]], "cmap": "viridis", "alpha": 0.6, "wireframe": false, "wire_color": "#ffffff44", "label": "", "nxArr": [-1.0, -0.9310344827586207, -0.8620689655172413, -0.7931034482758621, -0.7241379310344828, -0.6551724137931034, -0.5862068965517242, -0.5172413793103449, -0.4482758620689655, -0.3793103448275862, -0.31034482758620685, -0.24137931034482762, -0.1724137931034483, -0.10344827586206895, -0.034482758620689724, 0.034482758620689724, 0.10344827586206895, 0.17241379310344818, 0.24137931034482762, 0.31034482758620685, 0.3793103448275863, 0.4482758620689655, 0.5172413793103448, 0.5862068965517242, 0.6551724137931034, 0.7241379310344827, 0.7931034482758621, 0.8620689655172413, 0.9310344827586206, 1.0], "nyArr": [-1.0, -0.9310344827586207, -0.8620689655172413, -0.7931034482758621, -0.7241379310344828, -0.6551724137931034, -0.5862068965517242, -0.5172413793103449, -0.4482758620689655, -0.3793103448275862, -0.31034482758620685, -0.24137931034482762, -0.1724137931034483, -0.10344827586206895, -0.034482758620689724, 0.034482758620689724, 0.10344827586206895, 0.17241379310344818, 0.24137931034482762, 0.31034482758620685, 0.3793103448275863, 0.4482758620689655, 0.5172413793103448, 0.5862068965517242, 0.6551724137931034, 0.7241379310344827, 0.7931034482758621, 0.8620689655172413, 0.9310344827586206, 1.0], "nz": [[1.0, 0.8666666666666665, 0.7428571428571427, 0.6285714285714288, 0.523809523809524, 0.4285714285714286, 0.34285714285714297, 0.2666666666666666, 0.19999999999999996, 0.1428571428571428, 0.09523809523809512, 0.05714285714285716, 0.02857142857142847, 0.00952380952380949, 2.220446049250313e-16, 2.220446049250313e-16, 0.00952380952380949, 0.02857142857142847, 0.05714285714285716, 0.09523809523809512, 0.1428571428571428, 0.19999999999999996, 0.2666666666666664, 0.34285714285714297, 0.4285714285714286, 0.5238095238095235, 0.6285714285714288, 0.7428571428571427, 0.8666666666666665, 1.0], [0.8666666666666665, 0.7333333333333334, 0.6095238095238096, 0.49523809523809526, 0.3904761904761904, 0.2952380952380951, 0.20952380952380967, 0.13333333333333353, 0.06666666666666665, 0.00952380952380949, -0.03809523809523807, -0.07619047619047614, -0.10476190476190472, -0.1238095238095237, -0.1333333333333332, -0.1333333333333332, -0.1238095238095237, -0.10476190476190472, -0.07619047619047614, -0.03809523809523807, 0.009523809523809712, 0.06666666666666665, 0.1333333333333333, 0.20952380952380967, 0.2952380952380951, 0.3904761904761902, 0.49523809523809526, 0.6095238095238096, 0.7333333333333332, 0.8666666666666665], [0.7428571428571427, 0.6095238095238096, 0.48571428571428554, 0.3714285714285712, 0.2666666666666664, 0.17142857142857126, 0.08571428571428563, 0.00952380952380949, -0.05714285714285716, -0.11428571428571432, -0.161904761904762, -0.20000000000000007, -0.22857142857142865, -0.24761904761904763, -0.2571428571428571, -0.2571428571428571, -0.24761904761904763, -0.22857142857142865, -0.20000000000000007, -0.161904761904762, -0.11428571428571432, -0.05714285714285716, 0.00952380952380949, 0.08571428571428563, 0.17142857142857126, 0.2666666666666664, 0.3714285714285712, 0.48571428571428554, 0.6095238095238091, 0.7428571428571427], [0.6285714285714288, 0.49523809523809526, 0.3714285714285712, 0.25714285714285734, 0.1523809523809525, 0.05714285714285716, -0.02857142857142836, -0.10476190476190461, -0.17142857142857126, -0.22857142857142854, -0.2761904761904761, -0.31428571428571417, -0.34285714285714275, -0.36190476190476173, -0.3714285714285712, -0.3714285714285712, -0.36190476190476173, -0.34285714285714275, -0.31428571428571417, -0.2761904761904761, -0.22857142857142843, -0.17142857142857126, -0.10476190476190472, -0.02857142857142836, 0.05714285714285716, 0.15238095238095228, 0.25714285714285734, 0.3714285714285712, 0.49523809523809503, 0.6285714285714288], [0.523809523809524, 0.3904761904761904, 0.2666666666666664, 0.1523809523809525, 0.04761904761904767, -0.04761904761904756, -0.13333333333333308, -0.20952380952380933, -0.2761904761904761, -0.33333333333333326, -0.38095238095238093, -0.4190476190476189, -0.44761904761904747, -0.46666666666666656, -0.47619047619047605, -0.47619047619047605, -0.46666666666666656, -0.44761904761904747, -0.4190476190476189, -0.38095238095238093, -0.33333333333333315, -0.2761904761904761, -0.20952380952380945, -0.13333333333333308, -0.04761904761904756, 0.04761904761904745, 0.1523809523809525, 0.2666666666666664, 0.3904761904761902, 0.523809523809524], [0.4285714285714286, 0.2952380952380951, 0.17142857142857126, 0.05714285714285716, -0.04761904761904756, -0.1428571428571429, -0.22857142857142854, -0.3047619047619047, -0.37142857142857133, -0.4285714285714286, -0.47619047619047616, -0.5142857142857142, -0.5428571428571429, -0.5619047619047619, -0.5714285714285715, -0.5714285714285715, -0.5619047619047619, -0.5428571428571429, -0.5142857142857142, -0.47619047619047616, -0.4285714285714285, -0.37142857142857133, -0.3047619047619049, -0.22857142857142854, -0.1428571428571429, -0.04761904761904778, 0.05714285714285716, 0.17142857142857126, 0.29523809523809486, 0.4285714285714286], [0.34285714285714297, 0.20952380952380967, 0.08571428571428563, -0.02857142857142836, -0.13333333333333308, -0.22857142857142854, -0.31428571428571406, -0.3904761904761903, -0.45714285714285696, -0.5142857142857142, -0.5619047619047619, -0.5999999999999999, -0.6285714285714284, -0.6476190476190475, -0.657142857142857, -0.657142857142857, -0.6476190476190475, -0.6285714285714286, -0.5999999999999999, -0.5619047619047619, -0.5142857142857142, -0.45714285714285696, -0.3904761904761904, -0.31428571428571406, -0.22857142857142854, -0.1333333333333333, -0.02857142857142836, 0.08571428571428563, 0.20952380952380945, 0.34285714285714297], [0.2666666666666666, 0.13333333333333353, 0.00952380952380949, -0.10476190476190461, -0.20952380952380933, -0.3047619047619047, -0.3904761904761903, -0.46666666666666656, -0.5333333333333333, -0.5904761904761905, -0.638095238095238, -0.6761904761904762, -0.7047619047619047, -0.7238095238095238, -0.7333333333333334, -0.7333333333333334, -0.7238095238095238, -0.7047619047619047, -0.6761904761904762, -0.638095238095238, -0.5904761904761904, -0.5333333333333333, -0.4666666666666667, -0.3904761904761903, -0.3047619047619047, -0.20952380952380956, -0.10476190476190461, 0.00952380952380949, 0.13333333333333308, 0.2666666666666666], [0.19999999999999996, 0.06666666666666665, -0.05714285714285716, -0.17142857142857126, -0.2761904761904761, -0.37142857142857133, -0.45714285714285696, -0.5333333333333333, -0.6, -0.6571428571428571, -0.7047619047619047, -0.7428571428571429, -0.7714285714285714, -0.7904761904761904, -0.7999999999999999, -0.7999999999999999, -0.7904761904761904, -0.7714285714285715, -0.7428571428571429, -0.7047619047619047, -0.657142857142857, -0.6, -0.5333333333333334, -0.45714285714285696, -0.37142857142857133, -0.2761904761904763, -0.17142857142857126, -0.05714285714285716, 0.06666666666666643, 0.19999999999999996], [0.1428571428571428, 0.00952380952380949, -0.11428571428571432, -0.22857142857142854, -0.33333333333333326, -0.4285714285714286, -0.5142857142857142, -0.5904761904761905, -0.6571428571428571, -0.7142857142857144, -0.761904761904762, -0.8, -0.8285714285714285, -0.8476190476190476, -0.8571428571428572, -0.8571428571428572, -0.8476190476190476, -0.8285714285714286, -0.8, -0.761904761904762, -0.7142857142857142, -0.6571428571428571, -0.5904761904761906, -0.5142857142857142, -0.4285714285714286, -0.3333333333333335, -0.22857142857142854, -0.11428571428571432, 0.009523809523809268, 0.1428571428571428], [0.09523809523809512, -0.03809523809523807, -0.161904761904762, -0.2761904761904761, -0.38095238095238093, -0.47619047619047616, -0.5619047619047619, -0.638095238095238, -0.7047619047619047, -0.761904761904762, -0.8095238095238095, -0.8476190476190476, -0.8761904761904762, -0.8952380952380953, -0.9047619047619048, -0.9047619047619048, -0.8952380952380953, -0.8761904761904762, -0.8476190476190476, -0.8095238095238095, -0.7619047619047619, -0.7047619047619047, -0.6380952380952383, -0.5619047619047619, -0.47619047619047616, -0.38095238095238115, -0.2761904761904761, -0.161904761904762, -0.03809523809523829, 0.09523809523809512], [0.05714285714285716, -0.07619047619047614, -0.20000000000000007, -0.31428571428571417, -0.4190476190476189, -0.5142857142857142, -0.5999999999999999, -0.6761904761904762, -0.7428571428571429, -0.8, -0.8476190476190476, -0.8857142857142857, -0.9142857142857143, -0.9333333333333333, -0.9428571428571428, -0.9428571428571428, -0.9333333333333333, -0.9142857142857144, -0.8857142857142857, -0.8476190476190476, -0.7999999999999999, -0.7428571428571429, -0.6761904761904762, -0.5999999999999999, -0.5142857142857142, -0.4190476190476191, -0.31428571428571417, -0.20000000000000007, -0.07619047619047636, 0.05714285714285716], [0.02857142857142847, -0.10476190476190472, -0.22857142857142865, -0.34285714285714275, -0.44761904761904747, -0.5428571428571429, -0.6285714285714284, -0.7047619047619047, -0.7714285714285714, -0.8285714285714285, -0.8761904761904762, -0.9142857142857143, -0.9428571428571428, -0.9619047619047619, -0.9714285714285714, -0.9714285714285714, -0.9619047619047619, -0.942857142857143, -0.9142857142857143, -0.8761904761904762, -0.8285714285714285, -0.7714285714285714, -0.7047619047619048, -0.6285714285714284, -0.5428571428571429, -0.4476190476190477, -0.34285714285714275, -0.22857142857142865, -0.10476190476190494, 0.02857142857142847], [0.00952380952380949, -0.1238095238095237, -0.24761904761904763, -0.36190476190476173, -0.46666666666666656, -0.5619047619047619, -0.6476190476190475, -0.7238095238095238, -0.7904761904761904, -0.8476190476190476, -0.8952380952380953, -0.9333333333333333, -0.9619047619047619, -0.980952380952381, -0.9904761904761905, -0.9904761904761905, -0.980952380952381, -0.9619047619047619, -0.9333333333333333, -0.8952380952380953, -0.8476190476190475, -0.7904761904761904, -0.7238095238095239, -0.6476190476190475, -0.5619047619047619, -0.4666666666666668, -0.36190476190476173, -0.24761904761904763, -0.12380952380952392, 0.00952380952380949], [2.220446049250313e-16, -0.1333333333333332, -0.2571428571428571, -0.3714285714285712, -0.47619047619047605, -0.5714285714285715, -0.657142857142857, -0.7333333333333334, -0.7999999999999999, -0.8571428571428572, -0.9047619047619048, -0.9428571428571428, -0.9714285714285714, -0.9904761904761905, -1.0, -1.0, -0.9904761904761905, -0.9714285714285714, -0.9428571428571428, -0.9047619047619048, -0.8571428571428571, -0.7999999999999999, -0.7333333333333334, -0.657142857142857, -0.5714285714285715, -0.4761904761904763, -0.3714285714285712, -0.2571428571428571, -0.13333333333333341, 2.220446049250313e-16], [2.220446049250313e-16, -0.1333333333333332, -0.2571428571428571, -0.3714285714285712, -0.47619047619047605, -0.5714285714285715, -0.657142857142857, -0.7333333333333334, -0.7999999999999999, -0.8571428571428572, -0.9047619047619048, -0.9428571428571428, -0.9714285714285714, -0.9904761904761905, -1.0, -1.0, -0.9904761904761905, -0.9714285714285714, -0.9428571428571428, -0.9047619047619048, -0.8571428571428571, -0.7999999999999999, -0.7333333333333334, -0.657142857142857, -0.5714285714285715, -0.4761904761904763, -0.3714285714285712, -0.2571428571428571, -0.13333333333333341, 2.220446049250313e-16], [0.00952380952380949, -0.1238095238095237, -0.24761904761904763, -0.36190476190476173, -0.46666666666666656, -0.5619047619047619, -0.6476190476190475, -0.7238095238095238, -0.7904761904761904, -0.8476190476190476, -0.8952380952380953, -0.9333333333333333, -0.9619047619047619, -0.980952380952381, -0.9904761904761905, -0.9904761904761905, -0.980952380952381, -0.9619047619047619, -0.9333333333333333, -0.8952380952380953, -0.8476190476190475, -0.7904761904761904, -0.7238095238095239, -0.6476190476190475, -0.5619047619047619, -0.4666666666666668, -0.36190476190476173, -0.24761904761904763, -0.12380952380952392, 0.00952380952380949], [0.02857142857142847, -0.10476190476190472, -0.22857142857142865, -0.34285714285714275, -0.44761904761904747, -0.5428571428571429, -0.6285714285714286, -0.7047619047619047, -0.7714285714285715, -0.8285714285714286, -0.8761904761904762, -0.9142857142857144, -0.942857142857143, -0.9619047619047619, -0.9714285714285714, -0.9714285714285714, -0.9619047619047619, -0.942857142857143, -0.9142857142857144, -0.8761904761904762, -0.8285714285714285, -0.7714285714285715, -0.7047619047619049, -0.6285714285714286, -0.5428571428571429, -0.4476190476190477, -0.34285714285714275, -0.22857142857142865, -0.10476190476190494, 0.02857142857142847], [0.05714285714285716, -0.07619047619047614, -0.20000000000000007, -0.31428571428571417, -0.4190476190476189, -0.5142857142857142, -0.5999999999999999, -0.6761904761904762, -0.7428571428571429, -0.8, -0.8476190476190476, -0.8857142857142857, -0.9142857142857143, -0.9333333333333333, -0.9428571428571428, -0.9428571428571428, -0.9333333333333333, -0.9142857142857144, -0.8857142857142857, -0.8476190476190476, -0.7999999999999999, -0.7428571428571429, -0.6761904761904762, -0.5999999999999999, -0.5142857142857142, -0.4190476190476191, -0.31428571428571417, -0.20000000000000007, -0.07619047619047636, 0.05714285714285716], [0.09523809523809512, -0.03809523809523807, -0.161904761904762, -0.2761904761904761, -0.38095238095238093, -0.47619047619047616, -0.5619047619047619, -0.638095238095238, -0.7047619047619047, -0.761904761904762, -0.8095238095238095, -0.8476190476190476, -0.8761904761904762, -0.8952380952380953, -0.9047619047619048, -0.9047619047619048, -0.8952380952380953, -0.8761904761904762, -0.8476190476190476, -0.8095238095238095, -0.7619047619047619, -0.7047619047619047, -0.6380952380952383, -0.5619047619047619, -0.47619047619047616, -0.38095238095238115, -0.2761904761904761, -0.161904761904762, -0.03809523809523829, 0.09523809523809512], [0.1428571428571428, 0.009523809523809712, -0.11428571428571432, -0.22857142857142843, -0.33333333333333315, -0.4285714285714285, -0.5142857142857142, -0.5904761904761904, -0.657142857142857, -0.7142857142857142, -0.7619047619047619, -0.7999999999999999, -0.8285714285714285, -0.8476190476190475, -0.8571428571428571, -0.8571428571428571, -0.8476190476190475, -0.8285714285714285, -0.7999999999999999, -0.7619047619047619, -0.7142857142857142, -0.657142857142857, -0.5904761904761906, -0.5142857142857142, -0.4285714285714285, -0.33333333333333337, -0.22857142857142843, -0.11428571428571432, 0.00952380952380949, 0.1428571428571428], [0.19999999999999996, 0.06666666666666665, -0.05714285714285716, -0.17142857142857126, -0.2761904761904761, -0.37142857142857133, -0.45714285714285696, -0.5333333333333333, -0.6, -0.6571428571428571, -0.7047619047619047, -0.7428571428571429, -0.7714285714285714, -0.7904761904761904, -0.7999999999999999, -0.7999999999999999, -0.7904761904761904, -0.7714285714285715, -0.7428571428571429, -0.7047619047619047, -0.657142857142857, -0.6, -0.5333333333333334, -0.45714285714285696, -0.37142857142857133, -0.2761904761904763, -0.17142857142857126, -0.05714285714285716, 0.06666666666666643, 0.19999999999999996], [0.2666666666666664, 0.1333333333333333, 0.00952380952380949, -0.10476190476190472, -0.20952380952380945, -0.3047619047619049, -0.3904761904761904, -0.4666666666666667, -0.5333333333333334, -0.59047619