<!DOCTYPE html>
<html lang="en">
<head>
<meta charset="utf-8">
<meta name="viewport" content="width=device-width, initial-scale=1">
<title>3D Surface — Saddle: z = x² − y²  (coolwarm)</title>
<style>
* { margin:0; padding:0; box-sizing:border-box; }
html, body { width:100%; height:100%; overflow:hidden;
  background:#ffffff; font-family:sans-serif; }
canvas { display:block; }

/* -- Tooltip -- */
#glx-tip {
  position:fixed; pointer-events:none; display:none;
  background:rgba(15,23,42,0.92); color:#f8fafc;
  padding:7px 12px; border-radius:7px; font-size:12.5px;
  line-height:1.6; max-width:260px; white-space:pre-line;
  box-shadow:0 4px 18px rgba(0,0,0,0.35); z-index:9999;
}

/* -- Title -- */
#glx-title {
  position:fixed; top:12px; left:50%; transform:translateX(-50%);
  font-size:17px; font-weight:700; color:#000000;
  pointer-events:none; text-shadow:0 1px 4px rgba(0,0,0,0.3);
}

/* -- Control panel -- */
#glx-panel {
  position:fixed; bottom:18px; left:50%; transform:translateX(-50%);
  display:flex; gap:6px; flex-wrap:wrap; justify-content:center;
  background:rgba(15,23,42,0.55); border-radius:12px;
  padding:8px 12px; backdrop-filter:blur(6px);
}
.glx-btn {
  background:rgba(255,255,255,0.12); border:1px solid rgba(255,255,255,0.2);
  color:#f1f5f9; font-size:11.5px; font-family:inherit;
  padding:5px 11px; border-radius:7px; cursor:pointer;
  transition:background 0.15s, transform 0.1s;
  white-space:nowrap; user-select:none;
}
.glx-btn:hover  { background:rgba(255,255,255,0.22); }
.glx-btn:active { transform:scale(0.95); }
.glx-btn.active { background:rgba(99,102,241,0.6); border-color:#818cf8; }
.glx-sep { width:1px; background:rgba(255,255,255,0.15); margin:0 2px; }

/* -- Legend -- */
#glx-legend {
  position:fixed; right:16px; top:50%; transform:translateY(-50%);
  background:rgba(15,23,42,0.65); border-radius:10px;
  padding:10px 14px; color:#000000; font-size:12px;
  backdrop-filter:blur(6px);
}
#glx-legend .glx-leg-item {
  display:flex; align-items:center; gap:8px;
  margin:5px 0; cursor:pointer; user-select:none;
  transition:opacity 0.2s;
}
#glx-legend .glx-leg-item:hover { opacity:0.8; }
#glx-legend .glx-swatch {
  width:14px; height:14px; border-radius:3px; flex-shrink:0;
}

/* -- Help overlay -- */
#glx-help {
  position:fixed; inset:0;
  background:rgba(0,0,0,0.65);
  display:none; align-items:center; justify-content:center;
  z-index:99999; backdrop-filter:blur(4px);
}
#glx-help-box {
  background:#1e293b; color:#f8fafc;
  border-radius:14px; padding:28px 34px;
  max-width:400px; width:90%;
  box-shadow:0 20px 60px rgba(0,0,0,0.5);
}
#glx-help-box h3 { margin-bottom:16px; font-size:15px; }
#glx-help-box table { border-collapse:collapse; width:100%; font-size:12.5px; }
#glx-help-box td   { padding:4px 0; }
#glx-help-box td:first-child { opacity:0.5; width:120px; }
#glx-help-box .close-hint {
  margin-top:14px; text-align:center;
  opacity:0.4; font-size:11px;
}

/* -- Axis value readout (surface probe) -- */
#glx-readout {
  position:fixed; left:16px; bottom:18px;
  background:rgba(15,23,42,0.7); color:#94a3b8;
  font-size:11.5px; padding:6px 10px; border-radius:7px;
  display:none; font-variant-numeric:tabular-nums;
  backdrop-filter:blur(4px);
}

/* -- Selection highlight -- */
.glx-selected { outline:none; }
</style>
</head>
<body>
<div id="glx-title">3D Surface — Saddle: z = x² − y²  (coolwarm)</div>
<div id="glx-tip"></div>
<div id="glx-readout"></div>

<!-- Legend -->
<div id="glx-legend" style="display:none"></div>

<!-- Control panel -->
<div id="glx-panel">
  <button class="glx-btn" onclick="setCam('iso')"     title="Isometric view (I)"> ISO</button>
  <button class="glx-btn" onclick="setCam('top')"     title="Top view (T)">^ Top</button>
  <button class="glx-btn" onclick="setCam('front')"   title="Front view (V)">[] Front</button>
  <button class="glx-btn" onclick="setCam('side')"    title="Side view (S)">< Side</button>
  <div class="glx-sep"></div>
  <button class="glx-btn" id="btn-rotate" onclick="toggleRotate()" title="Auto-rotate (Space)"> Rotate</button>
  <button class="glx-btn" onclick="resetView()"       title="Reset camera (R)">Reset Reset</button>
  <div class="glx-sep"></div>
  <button class="glx-btn" onclick="screenshot()"      title="Save PNG (P)">PNG PNG</button>
  <button class="glx-btn" onclick="toggleFullscreen()" title="Fullscreen (F)"> Full</button>
  <button class="glx-btn" onclick="showHelp()"        title="Keyboard help (H)">? Help</button>
</div>

<!-- Help overlay -->
<div id="glx-help" onclick="closeHelp()">
  <div id="glx-help-box">
    <h3>KB GlyphX 3D Shortcuts</h3>
    <table>
      <tr><td>Drag</td><td>Rotate camera</td></tr>
      <tr><td>Right-drag / Ctrl+drag</td><td>Pan</td></tr>
      <tr><td>Scroll</td><td>Zoom</td></tr>
      <tr><td>Arrow keys</td><td>Rotate (fine)</td></tr>
      <tr><td>+  /  -</td><td>Zoom in / out</td></tr>
      <tr><td>Space</td><td>Toggle auto-rotate</td></tr>
      <tr><td>R</td><td>Reset view</td></tr>
      <tr><td>I / T / V / S</td><td>ISO / Top / Front / Side</td></tr>
      <tr><td>P</td><td>Save PNG screenshot</td></tr>
      <tr><td>F</td><td>Toggle fullscreen</td></tr>
      <tr><td>Click point</td><td>Select / highlight</td></tr>
      <tr><td>Esc</td><td>Deselect / close</td></tr>
      <tr><td>H</td><td>This help screen</td></tr>
    </table>
    <div class="close-hint">Click anywhere or press Esc to close</div>
  </div>
</div>

<script src="https://cdnjs.cloudflare.com/ajax/libs/three.js/r128/three.min.js"></script>
<script>
// =======================================================================
// Data & config
// =======================================================================
const DATA    = [{"type": "surface", "x": [-3.0, -2.8636363636363638, -2.7272727272727275, -2.590909090909091, -2.4545454545454546, -2.3181818181818183, -2.1818181818181817, -2.0454545454545454, -1.9090909090909092, -1.772727272727273, -1.6363636363636365, -1.5, -1.3636363636363638, -1.2272727272727275, -1.090909090909091, -0.9545454545454546, -0.8181818181818183, -0.6818181818181821, -0.5454545454545459, -0.40909090909090917, -0.27272727272727293, -0.1363636363636367, 0.0, 0.13636363636363624, 0.2727272727272725, 0.4090909090909087, 0.545454545454545, 0.6818181818181817, 0.8181818181818179, 0.9545454545454541, 1.0909090909090908, 1.2272727272727266, 1.3636363636363633, 1.5, 1.6363636363636358, 1.7727272727272725, 1.9090909090909083, 2.045454545454545, 2.1818181818181817, 2.3181818181818175, 2.454545454545454, 2.590909090909091, 2.7272727272727266, 2.8636363636363633, 3.0], "y": [-3.0, -2.8636363636363638, -2.7272727272727275, -2.590909090909091, -2.4545454545454546, -2.3181818181818183, -2.1818181818181817, -2.0454545454545454, -1.9090909090909092, -1.772727272727273, -1.6363636363636365, -1.5, -1.3636363636363638, -1.2272727272727275, -1.090909090909091, -0.9545454545454546, -0.8181818181818183, -0.6818181818181821, -0.5454545454545459, -0.40909090909090917, -0.27272727272727293, -0.1363636363636367, 0.0, 0.13636363636363624, 0.2727272727272725, 0.4090909090909087, 0.545454545454545, 0.6818181818181817, 0.8181818181818179, 0.9545454545454541, 1.0909090909090908, 1.2272727272727266, 1.3636363636363633, 1.5, 1.6363636363636358, 1.7727272727272725, 1.9090909090909083, 2.045454545454545, 2.1818181818181817, 2.3181818181818175, 2.454545454545454, 2.590909090909091, 2.7272727272727266, 2.8636363636363633, 3.0], "z": [[0.0, -0.7995867768595026, -1.5619834710743792, -2.2871900826446288, -2.975206611570248, -3.626033057851239, -4.239669421487604, -4.816115702479339, -5.355371900826446, -5.857438016528925, -6.322314049586776, -6.75, -7.140495867768594, -7.493801652892561, -7.8099173553719, -8.088842975206612, -8.330578512396695, -8.535123966942148, -8.702479338842975, -8.832644628099173, -8.925619834710744, -8.981404958677686, -9.0, -8.981404958677686, -8.925619834710744, -8.832644628099175, -8.702479338842975, -8.535123966942148, -8.330578512396695, -8.088842975206612, -7.809917355371901, -7.4938016528925635, -7.140495867768596, -6.75, -6.322314049586779, -5.857438016528926, -5.35537190082645, -4.81611570247934, -4.239669421487604, -3.6260330578512434, -2.9752066115702496, -2.2871900826446288, -1.5619834710743836, -0.7995867768595062, 0.0], [0.7995867768595026, 0.0, -0.7623966942148765, -1.4876033057851261, -2.175619834710745, -2.8264462809917363, -3.4400826446281014, -4.016528925619836, -4.555785123966944, -5.057851239669422, -5.522727272727273, -5.950413223140497, -6.340909090909092, -6.694214876033058, -7.010330578512398, -7.2892561983471085, -7.530991735537191, -7.7355371900826455, -7.902892561983472, -8.03305785123967, -8.126033057851242, -8.181818181818183, -8.200413223140497, -8.181818181818183, -8.126033057851242, -8.033057851239672, -7.902892561983473, -7.735537190082646, -7.530991735537192, -7.289256198347109, -7.010330578512399, -6.694214876033061, -6.3409090909090935, -5.950413223140497, -5.522727272727276, -5.057851239669423, -4.555785123966947, -4.016528925619838, -3.4400826446281014, -2.826446280991741, -2.175619834710747, -1.4876033057851261, -0.762396694214881, -3.552713678800501e-15, 0.7995867768595026], [1.5619834710743792, 0.7623966942148765, 0.0, -0.7252066115702496, -1.4132231404958686, -2.06404958677686, -2.677685950413225, -3.2541322314049594, -3.7933884297520666, -4.295454545454546, -4.760330578512397, -5.188016528925621, -5.578512396694215, -5.931818181818182, -6.247933884297521, -6.526859504132232, -6.768595041322315, -6.973140495867769, -7.140495867768595, -7.2706611570247945, -7.363636363636364, -7.419421487603307, -7.438016528925621, -7.419421487603307, -7.363636363636365, -7.2706611570247945, -7.140495867768596, -6.97314049586777, -6.768595041322316, -6.526859504132233, -6.247933884297522, -5.931818181818184, -5.578512396694217, -5.188016528925621, -4.7603305785123995, -4.295454545454547, -3.79338842975207, -3.254132231404961, -2.677685950413225, -2.0640495867768642, -1.4132231404958704, -0.7252066115702496, -4.440892098500626e-15, 0.762396694214873, 1.5619834710743792], [2.2871900826446288, 1.4876033057851261, 0.7252066115702496, 0.0, -0.688016528925619, -1.3388429752066102, -1.9524793388429753, -2.52892561983471, -3.068181818181817, -3.5702479338842963, -4.035123966942148, -4.462809917355371, -4.8533057851239665, -5.206611570247933, -5.522727272727272, -5.801652892561982, -6.043388429752065, -6.247933884297519, -6.415289256198346, -6.545454545454545, -6.638429752066115, -6.694214876033057, -6.712809917355371, -6.694214876033057, -6.6384297520661155, -6.545454545454545, -6.4152892561983474, -6.24793388429752, -6.043388429752066, -5.801652892561983, -5.5227272727272725, -5.206611570247935, -4.853305785123967, -4.462809917355371, -4.03512396694215, -3.5702479338842976, -3.0681818181818206, -2.5289256198347116, -1.9524793388429753, -1.3388429752066147, -0.6880165289256208, 0.0, 0.7252066115702451, 1.4876033057851226, 2.2871900826446288], [2.975206611570248, 2.175619834710745, 1.4132231404958686, 0.688016528925619, 0.0, -0.6508264462809912, -1.2644628099173563, -1.8409090909090908, -2.380165289256198, -2.8822314049586772, -3.3471074380165287, -3.774793388429752, -4.1652892561983474, -4.518595041322314, -4.8347107438016526, -5.113636363636363, -5.355371900826446, -5.5599173553719, -5.727272727272727, -5.857438016528926, -5.950413223140496, -6.006198347107438, -6.024793388429752, -6.006198347107438, -5.9504132231404965, -5.857438016528926, -5.727272727272728, -5.559917355371901, -5.355371900826447, -5.113636363636364, -4.834710743801653, -4.518595041322316, -4.165289256198348, -3.774793388429752, -3.347107438016531, -2.8822314049586786, -2.3801652892562015, -1.8409090909090926, -1.2644628099173563, -0.6508264462809956, -1.7763568394002505e-15, 0.688016528925619, 1.4132231404958642, 2.1756198347107416, 2.975206611570248], [3.626033057851239, 2.8264462809917363, 2.06404958677686, 1.3388429752066102, 0.6508264462809912, 0.0, -0.6136363636363651, -1.1900826446280997, -1.7293388429752068, -2.231404958677686, -2.6962809917355375, -3.123966942148761, -3.514462809917356, -3.8677685950413223, -4.183884297520661, -4.462809917355372, -4.704545454545455, -4.909090909090909, -5.0764462809917354, -5.206611570247935, -5.299586776859504, -5.355371900826447, -5.373966942148761, -5.355371900826447, -5.299586776859505, -5.206611570247935, -5.076446280991737, -4.90909090909091, -4.704545454545456, -4.462809917355373, -4.183884297520662, -3.8677685950413245, -3.514462809917357, -3.123966942148761, -2.6962809917355397, -2.2314049586776874, -1.7293388429752103, -1.1900826446281014, -0.6136363636363651, -4.440892098500626e-15, 0.6508264462809894, 1.3388429752066102, 2.0640495867768553, 2.826446280991733, 3.626033057851239], [4.239669421487604, 3.4400826446281014, 2.677685950413225, 1.9524793388429753, 1.2644628099173563, 0.6136363636363651, 0.0, -0.5764462809917346, -1.1157024793388417, -1.617768595041321, -2.0826446280991724, -2.510330578512396, -2.9008264462809907, -3.254132231404957, -3.5702479338842963, -3.8491735537190075, -4.09090909090909, -4.295454545454544, -4.46280991735537, -4.59297520661157, -4.685950413223139, -4.741735537190082, -4.760330578512396, -4.741735537190082, -4.68595041322314, -4.59297520661157, -4.462809917355372, -4.295454545454545, -4.090909090909091, -3.8491735537190084, -3.570247933884297, -3.2541322314049594, -2.900826446280992, -2.510330578512396, -2.0826446280991746, -1.6177685950413223, -1.1157024793388453, -0.5764462809917363, 0.0, 0.6136363636363606, 1.2644628099173545, 1.9524793388429753, 2.6776859504132204, 3.440082644628098, 4.239669421487604], [4.816115702479339, 4.016528925619836, 3.2541322314049594, 2.52892561983471, 1.8409090909090908, 1.1900826446280997, 0.5764462809917346, 0.0, -0.5392561983471071, -1.0413223140495864, -1.5061983471074378, -1.9338842975206614, -2.324380165289256, -2.6776859504132227, -2.9938016528925617, -3.272727272727273, -3.5144628099173554, -3.7190082644628095, -3.8863636363636362, -4.016528925619835, -4.109504132231405, -4.1652892561983474, -4.183884297520661, -4.1652892561983474, -4.109504132231406, -4.016528925619835, -3.886363636363637, -3.7190082644628104, -3.5144628099173563, -3.272727272727274, -2.9938016528925626, -2.677685950413225, -2.3243801652892575, -1.9338842975206614, -1.50619834710744, -1.0413223140495877, -0.5392561983471107, -1.7763568394002505e-15, 0.5764462809917346, 1.1900826446280952, 1.840909090909089, 2.52892561983471, 3.254132231404955, 4.016528925619832, 4.816115702479339], [5.355371900826446, 4.555785123966944, 3.7933884297520666, 3.068181818181817, 2.380165289256198, 1.7293388429752068, 1.1157024793388417, 0.5392561983471071, 0.0, -0.5020661157024793, -0.9669421487603307, -1.3946280991735542, -1.785123966942149, -2.1384297520661155, -2.454545454545455, -2.733471074380166, -2.9752066115702482, -3.179752066115703, -3.347107438016529, -3.4772727272727275, -3.570247933884298, -3.6260330578512403, -3.6446280991735542, -3.6260330578512403, -3.570247933884298, -3.477272727272728, -3.34710743801653, -3.1797520661157033, -2.9752066115702487, -2.7334710743801667, -2.454545454545455, -2.1384297520661177, -1.7851239669421501, -1.3946280991735542, -0.9669421487603329, -0.5020661157024806, -3.552713678800501e-15, 0.5392561983471054, 1.1157024793388417, 1.7293388429752024, 2.380165289256196, 3.068181818181817, 3.793388429752062, 4.55578512396694, 5.355371900826446], [5.857438016528925, 5.057851239669422, 4.295454545454546, 3.5702479338842963, 2.8822314049586772, 2.231404958677686, 1.617768595041321, 1.0413223140495864, 0.5020661157024793, 0.0, -0.4648760330578514, -0.892561983471075, -1.2830578512396698, -1.6363636363636362, -1.9524793388429755, -2.2314049586776865, -2.473140495867769, -2.677685950413223, -2.84504132231405, -2.9752066115702487, -3.068181818181819, -3.123966942148761, -3.142561983471075, -3.123966942148761, -3.068181818181819, -2.9752066115702487, -2.8450413223140507, -2.677685950413224, -2.47314049586777, -2.2314049586776874, -1.952479338842976, -1.6363636363636385, -1.2830578512396709, -0.892561983471075, -0.46487603305785363, -1.3322676295501878e-15, 0.5020661157024757, 1.0413223140495846, 1.617768595041321, 2.2314049586776816, 2.8822314049586755, 3.5702479338842963, 4.295454545454541, 5.057851239669419, 5.857438016528925], [6.322314049586776, 5.522727272727273, 4.760330578512397, 4.035123966942148, 3.3471074380165287, 2.6962809917355375, 2.0826446280991724, 1.5061983471074378, 0.9669421487603307, 0.4648760330578514, 0.0, -0.42768595041322355, -0.8181818181818183, -1.1714876033057848, -1.4876033057851241, -1.766528925619835, -2.0082644628099175, -2.212809917355372, -2.3801652892561984, -2.510330578512397, -2.6033057851239674, -2.6590909090909096, -2.6776859504132235, -2.6590909090909096, -2.6033057851239674, -2.5103305785123973, -2.3801652892561993, -2.2128099173553726, -2.008264462809918, -1.766528925619836, -1.4876033057851246, -1.171487603305787, -0.8181818181818195, -0.42768595041322355, -2.220446049250313e-15, 0.4648760330578501, 0.9669421487603271, 1.506198347107436, 2.0826446280991724, 2.696280991735533, 3.347107438016527, 4.035123966942148, 4.760330578512393, 5.52272727272727, 6.322314049586776], [6.75, 5.950413223140497, 5.188016528925621, 4.462809917355371, 3.774793388429752, 3.123966942148761, 2.510330578512396, 1.9338842975206614, 1.3946280991735542, 0.892561983471075, 0.42768595041322355, 0.0, -0.3904958677685948, -0.7438016528925613, -1.0599173553719006, -1.3388429752066116, -1.580578512396694, -1.7851239669421484, -1.9524793388429749, -2.0826446280991737, -2.175619834710744, -2.231404958677686, -2.25, -2.231404958677686, -2.175619834710744, -2.0826446280991737, -1.9524793388429758, -1.785123966942149, -1.5805785123966947, -1.3388429752066124, -1.059917355371901, -0.7438016528925635, -0.3904958677685959, 0.0, 0.4276859504132213, 0.8925619834710736, 1.3946280991735507, 1.9338842975206596, 2.510330578512396, 3.1239669421487566, 3.7747933884297504, 4.462809917355371, 5.188016528925616, 5.950413223140494, 6.75], [7.140495867768594, 6.340909090909092, 5.578512396694215, 4.8533057851239665, 4.1652892561983474, 3.514462809917356, 2.9008264462809907, 2.324380165289256, 1.785123966942149, 1.2830578512396698, 0.8181818181818183, 0.3904958677685948, 0.0, -0.3533057851239665, -0.6694214876033058, -0.9483471074380166, -1.1900826446280992, -1.3946280991735536, -1.56198347107438, -1.6921487603305787, -1.7851239669421488, -1.840909090909091, -1.8595041322314052, -1.8409090909090913, -1.785123966942149, -1.6921487603305791, -1.561983471074381, -1.3946280991735542, -1.1900826446280999, -0.9483471074380175, -0.6694214876033062, -0.3533057851239687, -1.1102230246251565e-15, 0.3904958677685948, 0.8181818181818161, 1.2830578512396684, 1.7851239669421455, 2.3243801652892544, 2.9008264462809907, 3.5144628099173514, 4.165289256198346, 4.8533057851239665, 5.578512396694212, 6.340909090909088, 7.140495867768594], [7.493801652892561, 6.694214876033058, 5.931818181818182, 5.206611570247933, 4.518595041322314, 3.8677685950413223, 3.254132231404957, 2.6776859504132227, 2.1384297520661155, 1.6363636363636362, 1.1714876033057848, 0.7438016528925613, 0.3533057851239665, 0.0, -0.3161157024793393, -0.5950413223140502, -0.8367768595041327, -1.041322314049587, -1.2086776859504136, -1.3388429752066122, -1.4318181818181823, -1.4876033057851246, -1.5061983471074387, -1.4876033057851248, -1.4318181818181825, -1.3388429752066127, -1.2086776859504145, -1.0413223140495877, -0.8367768595041334, -0.595041322314051, -0.31611570247933973, -2.220446049250313e-15, 0.3533057851239654, 0.7438016528925613, 1.1714876033057826, 1.636363636363635, 2.138429752066112, 2.677685950413221, 3.254132231404957, 3.867768595041318, 4.518595041322312, 5.206611570247933, 5.931818181818178, 6.694214876033055, 7.493801652892561], [7.8099173553719, 7.010330578512398, 6.247933884297521, 5.522727272727272, 4.8347107438016526, 4.183884297520661, 3.5702479338842963, 2.9938016528925617, 2.454545454545455, 1.9524793388429755, 1.4876033057851241, 1.0599173553719006, 0.6694214876033058, 0.3161157024793393, 0.0, -0.27892561983471087, -0.5206611570247934, -0.7252066115702478, -0.8925619834710742, -1.022727272727273, -1.115702479338843, -1.1714876033057853, -1.1900826446280994, -1.1714876033057855, -1.1157024793388435, -1.0227272727272734, -0.8925619834710752, -0.7252066115702485, -0.5206611570247941, -0.27892561983471176, -4.440892098500626e-16, 0.31611570247933707, 0.6694214876033047, 1.0599173553719006, 1.487603305785122, 1.9524793388429742, 2.4545454545454515, 2.99380165289256, 3.5702479338842963, 4.183884297520657, 4.834710743801651, 5.522727272727272, 6.247933884297517, 7.010330578512394, 7.8099173553719], [8.088842975206612, 7.2892561983471085, 6.526859504132232, 5.801652892561982, 5.113636363636363, 4.462809917355372, 3.8491735537190075, 3.272727272727273, 2.733471074380166, 2.2314049586776865, 1.766528925619835, 1.3388429752066116, 0.9483471074380166, 0.5950413223140502, 0.27892561983471087, 0.0, -0.24173553719008256, -0.4462809917355369, -0.6136363636363633, -0.7438016528925621, -0.8367768595041323, -0.8925619834710744, -0.9111570247933886, -0.8925619834710745, -0.8367768595041325, -0.7438016528925624, -0.6136363636363643, -0.44628099173553754, -0.24173553719008323, -8.881784197001252e-16, 0.2789256198347104, 0.5950413223140479, 0.9483471074380155, 1.3388429752066116, 1.7665289256198329, 2.231404958677685, 2.7334710743801622, 3.272727272727271, 3.8491735537190075, 4.462809917355368, 5.1136363636363615, 5.801652892561982, 6.5268595041322275, 7.289256198347105, 8.088842975206612], [8.330578512396695, 7.530991735537191, 6.768595041322315, 6.043388429752065, 5.355371900826446, 4.704545454545455, 4.09090909090909, 3.5144628099173554, 2.9752066115702482, 2.473140495867769, 2.0082644628099175, 1.580578512396694, 1.1900826446280992, 0.8367768595041327, 0.5206611570247934, 0.24173553719008256, 0.0, -0.20454545454545436, -0.37190082644628075, -0.5020661157024795, -0.5950413223140497, -0.6508264462809918, -0.669421487603306, -0.650826446280992, -0.5950413223140499, -0.5020661157024798, -0.37190082644628175, -0.20454545454545497, -6.661338147750939e-16, 0.24173553719008167, 0.520661157024793, 0.8367768595041305, 1.190082644628098, 1.580578512396694, 2.0082644628099153, 2.4731404958677676, 2.9752066115702447, 3.5144628099173536, 4.09090909090909, 4.704545454545451, 5.355371900826444, 6.043388429752065, 6.76859504132231, 7.530991735537188, 8.330578512396695], [8.535123966942148, 7.7355371900826455, 6.973140495867769, 6.247933884297519, 5.5599173553719, 4.909090909090909, 4.295454545454544, 3.7190082644628095, 3.179752066115703, 2.677685950413223, 2.212809917355372, 1.7851239669421484, 1.3946280991735536, 1.041322314049587, 0.7252066115702478, 0.4462809917355369, 0.20454545454545436, 0.0, -0.1673553719008264, -0.29752066115702513, -0.39049586776859535, -0.4462809917355375, -0.46487603305785163, -0.4462809917355376, -0.3904958677685956, -0.29752066115702547, -0.1673553719008274, -6.106226635438361e-16, 0.2045454545454537, 0.44628099173553604, 0.7252066115702474, 1.0413223140495849, 1.3946280991735525, 1.7851239669421484, 2.2128099173553695, 2.677685950413222, 3.1797520661156993, 3.7190082644628077, 4.295454545454544, 4.909090909090905, 5.559917355371899, 6.247933884297519, 6.9731404958677645, 7.735537190082642, 8.535123966942148], [8.702479338842975, 7.902892561983472, 7.140495867768595, 6.415289256198346, 5.727272727272727, 5.0764462809917354, 4.46280991735537, 3.8863636363636362, 3.347107438016529, 2.84504132231405, 2.3801652892561984, 1.9524793388429749, 1.56198347107438, 1.2086776859504136, 0.8925619834710742, 0.6136363636363633, 0.37190082644628075, 0.1673553719008264, 0.0, -0.13016528925619875, -0.22314049586776893, -0.2789256198347111, -0.29752066115702525, -0.2789256198347112, -0.22314049586776918, -0.1301652892561991, -9.992007221626409e-16, 0.16735537190082578, 0.3719008264462801, 0.6136363636363624, 0.8925619834710737, 1.2086776859504114, 1.5619834710743787, 1.9524793388429749, 2.380165289256196, 2.8450413223140485, 3.3471074380165255, 3.8863636363636345, 4.46280991735537, 5.076446280991731, 5.727272727272725, 6.415289256198346, 7.140495867768591, 7.902892561983468, 8.702479338842975], [8.832644628099173, 8.03305785123967, 7.2706611570247945, 6.545454545454545, 5.857438016528926, 5.206611570247935, 4.59297520661157, 4.016528925619835, 3.4772727272727275, 2.9752066115702487, 2.510330578512397, 2.0826446280991737, 1.6921487603305787, 1.3388429752066122, 1.022727272727273, 0.7438016528925621, 0.5020661157024795, 0.29752066115702513, 0.13016528925619875, 0.0, -0.09297520661157019, -0.14876033057851237, -0.1673553719008265, -0.14876033057851248, -0.09297520661157044, -3.608224830031759e-16, 0.13016528925619775, 0.2975206611570245, 0.5020661157024788, 0.7438016528925612, 1.0227272727272725, 1.33884297520661, 1.6921487603305776, 2.0826446280991737, 2.510330578512395, 2.975206611570247, 3.477272727272724, 4.016528925619833, 4.59297520661157, 5.20661157024793, 5.857438016528924, 6.545454545454545, 7.27066115702479, 8.033057851239667, 8.832644628099173], [8.925619834710744, 8.126033057851242, 7.363636363636364, 6.638429752066115, 5.950413223140496, 5.299586776859504, 4.685950413223139, 4.109504132231405, 3.570247933884298, 3.068181818181819, 2.6033057851239674, 2.175619834710744, 1.7851239669421488, 1.4318181818181823, 1.115702479338843, 0.8367768595041323, 0.5950413223140497, 0.39049586776859535, 0.22314049586776893, 0.09297520661157019, 0.0, -0.05578512396694217, -0.07438016528925631, -0.055785123966942296, -2.498001805406602e-16, 0.09297520661156983, 0.22314049586776794, 0.3904958677685947, 0.595041322314049, 0.8367768595041314, 1.1157024793388426, 1.43181818181818, 1.7851239669421477, 2.175619834710744, 2.603305785123965, 3.0681818181818175, 3.5702479338842945, 4.109504132231403, 4.685950413223139, 5.2995867768595, 5.950413223140494, 6.638429752066115, 7.36363636363636, 8.126033057851238, 8.925619834710744], [8.981404958677686, 8.181818181818183, 7.419421487603307, 6.694214876033057, 6.006198347107438, 5.355371900826447, 4.741735537190082, 4.1652892561983474, 3.6260330578512403, 3.123966942148761, 2.6590909090909096, 2.231404958677686, 1.840909090909091, 1.4876033057851246, 1.1714876033057853, 0.8925619834710744, 0.6508264462809918, 0.4462809917355375, 0.2789256198347111, 0.14876033057851237, 0.05578512396694217, 0.0, -0.018595041322314137, -1.214306433183765e-16, 0.05578512396694192, 0.148760330578512, 0.2789256198347101, 0.44628099173553687, 0.6508264462809912, 0.8925619834710735, 1.1714876033057848, 1.4876033057851223, 1.84090909090909, 2.231404958677686, 2.6590909090909074, 3.1239669421487597, 3.6260330578512368, 4.165289256198346, 4.741735537190082, 5.355371900826443, 6.0061983471074365, 6.694214876033057, 7.4194214876033024, 8.18181818181818, 8.981404958677686], [9.0, 8.200413223140497, 7.438016528925621, 6.712809917355371, 6.024793388429752, 5.373966942148761, 4.760330578512396, 4.183884297520661, 3.6446280991735542, 3.142561983471075, 2.6776859504132235, 2.25, 1.8595041322314052, 1.5061983471074387, 1.1900826446280994, 0.9111570247933886, 0.669421487603306, 0.46487603305785163, 0.29752066115702525, 0.1673553719008265, 0.07438016528925631, 0.018595041322314137, 0.0, 0.018595041322314015, 0.07438016528925606, 0.16735537190082614, 0.29752066115702425, 0.464876033057851, 0.6694214876033053, 0.9111570247933877, 1.190082644628099, 1.5061983471074365, 1.859504132231404, 2.25, 2.6776859504132213, 3.1425619834710736, 3.6446280991735507, 4.18388429752066, 4.760330578512396, 5.373966942148757, 6.02479338842975, 6.712809917355371, 7.438016528925616, 8.200413223140494, 9.0], [8.981404958677686, 8.181818181818183, 7.419421487603307, 6.694214876033057, 6.006198347107438, 5.355371900826447, 4.741735537190082, 4.1652892561983474, 3.6260330578512403, 3.123966942148761, 2.6590909090909096, 2.231404958677686, 1.8409090909090913, 1.4876033057851248, 1.1714876033057855, 0.8925619834710745, 0.650826446280992, 0.4462809917355376, 0.2789256198347112, 0.14876033057851248, 0.055785123966942296, 1.214306433183765e-16, -0.018595041322314015, 0.0, 0.055785123966942046, 0.14876033057851212, 0.2789256198347102, 0.44628099173553704, 0.6508264462809913, 0.8925619834710736, 1.171487603305785, 1.4876033057851226, 1.8409090909090902, 2.231404958677686, 2.6590909090909074, 3.1239669421487597, 3.6260330578512368, 4.165289256198346, 4.741735537190082, 5.355371900826443, 6.0061983471074365, 6.694214876033057, 7.4194214876033024, 8.18181818181818, 8.981404958677686], [8.925619834710744, 8.126033057851242, 7.363636363636365, 6.6384297520661155, 5.9504132231404965, 5.299586776859505, 4.68595041322314, 4.109504132231406, 3.570247933884298, 3.068181818181819, 2.6033057851239674, 2.175619834710744, 1.785123966942149, 1.4318181818181825, 1.1157024793388435, 0.8367768595041325, 0.5950413223140499, 0.3904958677685956, 0.22314049586776918, 0.09297520661157044, 2.498001805406602e-16, -0.05578512396694192, -0.07438016528925606, -0.055785123966942046, 0.0, 0.09297520661157008, 0.22314049586776818, 0.39049586776859496, 0.5950413223140493, 0.8367768595041316, 1.115702479338843, 1.4318181818181803, 1.7851239669421481, 2.175619834710744, 2.603305785123965, 3.0681818181818175, 3.5702479338842945, 4.109504132231404, 4.68595041322314, 5.299586776859501, 5.950413223140495, 6.6384297520661155, 7.363636363636361, 8.126033057851238, 8.925619834710744], [8.832644628099175, 8.033057851239672, 7.2706611570247945, 6.545454545454545, 5.857438016528926, 5.206611570247935, 4.59297520661157, 4.016528925619835, 3.477272727272728, 2.9752066115702487, 2.5103305785123973, 2.0826446280991737, 1.6921487603305791, 1.3388429752066127, 1.0227272727272734, 0.7438016528925624, 0.5020661157024798, 0.29752066115702547, 0.1301652892561991, 3.608224830031759e-16, -0.09297520661156983, -0.148760330578512, -0.16735537190082614, -0.14876033057851212, -0.09297520661157008, 0.0, 0.1301652892561981, 0.2975206611570249, 0.5020661157024792, 0.7438016528925615, 1.022727272727273, 1.3388429752066104, 1.692148760330578, 2.0826446280991737, 2.510330578512395, 2.9752066115702474, 3.4772727272727244, 4.016528925619833, 4.59297520661157, 5.20661157024793, 5.857438016528924, 6.545454545454545, 7.27066115702479, 8.033057851239668, 8.832644628099175], [8.702479338842975, 7.902892561983473, 7.140495867768596, 6.4152892561983474, 5.727272727272728, 5.076446280991737, 4.462809917355372, 3.886363636363637, 3.34710743801653, 2.8450413223140507, 2.3801652892561993, 1.9524793388429758, 1.561983471074381, 1.2086776859504145, 0.8925619834710752, 0.6136363636363643, 0.37190082644628175, 0.1673553719008274, 9.992007221626409e-16, -0.13016528925619775, -0.22314049586776794, -0.2789256198347101, -0.29752066115702425, -0.2789256198347102, -0.22314049586776818, -0.1301652892561981, 0.0, 0.16735537190082678, 0.3719008264462811, 0.6136363636363634, 0.8925619834710747, 1.2086776859504123, 1.5619834710743798, 1.9524793388429758, 2.380165289256197, 2.8450413223140494, 3.3471074380165264, 3.8863636363636354, 4.462809917355372, 5.076446280991732, 5.727272727272727, 6.4152892561983474, 7.140495867768593, 7.902892561983469, 8.702479338842975], [8.535123966942148, 7.735537190082646, 6.97314049586777, 6.24793388429752, 5.559917355371901, 4.90909090909091, 4.295454545454545, 3.7190082644628104, 3.1797520661157033, 2.677685950413224, 2.2128099173553726, 1.785123966942149, 1.3946280991735542, 1.0413223140495877, 0.7252066115702485, 0.44628099173553754, 0.20454545454545497, 6.106226635438361e-16, -0.16735537190082578, -0.2975206611570245, -0.3904958677685947, -0.44628099173553687, -0.464876033057851, -0.44628099173553704, -0.39049586776859496, -0.2975206611570249, -0.16735537190082678, 0.0, 0.2045454545454543, 0.44628099173553665, 0.725206611570248, 1.0413223140495855, 1.3946280991735531, 1.785123966942149, 2.2128099173553704, 2.6776859504132227, 3.1797520661156997, 3.7190082644628086, 4.295454545454545, 4.909090909090906, 5.5599173553718995, 6.24793388429752, 6.973140495867765, 7.735537190082643, 8.535123966942148], [8.330578512396695, 7.530991735537192, 6.768595041322316, 6.043388429752066, 5.355371900826447, 4.704545454545456, 4.090909090909091, 3.5144628099173563, 2.9752066115702487, 2.47314049586777, 2.008264462809918, 1.5805785123966947, 1.1900826446280999, 0.8367768595041334, 0.5206611570247941, 0.24173553719008323, 6.661338147750939e-16, -0.2045454545454537, -0.3719008264462801, -0.5020661157024788, -0.595041322314049, -0.6508264462809912, -0.6694214876033053, -0.6508264462809913, -0.5950413223140493, -0.5020661157024792, -0.3719008264462811, -0.2045454545454543, 0.0, 0.24173553719008234, 0.5206611570247937, 0.8367768595041312, 1.1900826446280988, 1.5805785123966947, 2.008264462809916, 2.473140495867768, 2.975206611570245, 3.5144628099173545, 4.090909090909091, 4.7045454545454515, 5.355371900826445, 6.043388429752066, 6.768595041322311, 7.530991735537189, 8.330578512396695], [8.088842975206612, 7.289256198347109, 6.526859504132233, 5.801652892561983, 5.113636363636364, 4.462809917355373, 3.8491735537190084, 3.272727272727274, 2.7334710743801667, 2.2314049586776874, 1.766528925619836, 1.3388429752066124, 0.9483471074380175, 0.595041322314051, 0.27892561983471176, 8.881784197001252e-16, -0.24173553719008167, -0.44628099173553604, -0.6136363636363624, -0.7438016528925612, -0.8367768595041314, -0.8925619834710735, -0.9111570247933877, -0.8925619834710736, -0.8367768595041316, -0.7438016528925615, -0.6136363636363634, -0.44628099173553665, -0.24173553719008234, 0.0, 0.2789256198347113, 0.5950413223140488, 0.9483471074380164, 1.3388429752066124, 1.7665289256198338, 2.231404958677686, 2.733471074380163, 3.272727272727272, 3.8491735537190084, 4.462809917355369, 5.113636363636362, 5.801652892561983, 6.526859504132228, 7.289256198347106, 8.088842975206612], [7.809917355371901, 7.010330578512399, 6.247933884297522, 5.5227272727272725, 4.834710743801653, 4.183884297520662, 3.570247933884297, 2.9938016528925626, 2.454545454545455, 1.952479338842976, 1.4876033057851246, 1.059917355371901, 0.6694214876033062, 0.31611570247933973, 4.440892098500626e-16, -0.2789256198347104, -0.520661157024793, -0.7252066115702474, -0.8925619834710737, -1.0227272727272725, -1.1157024793388426, -1.1714876033057848, -1.190082644628099, -1.171487603305785, -1.115702479338843, -1.022727272727273, -0.8925619834710747, -0.725206611570248, -0.5206611570247937, -0.2789256198347113, 0.0, 0.3161157024793375, 0.6694214876033051, 1.059917355371901, 1.4876033057851223, 1.9524793388429746, 2.4545454545454515, 2.993801652892561, 3.570247933884297, 4.183884297520658, 4.834710743801652, 5.5227272727272725, 6.247933884297518, 7.010330578512395, 7.809917355371901], [7.4938016528925635, 6.694214876033061, 5.931818181818184, 5.206611570247935, 4.518595041322316, 3.8677685950413245, 3.2541322314049594, 2.677685950413225, 2.1384297520661177, 1.6363636363636385, 1.171487603305787, 0.7438016528925635, 0.3533057851239687, 2.220446049250313e-15, -0.31611570247933707, -0.5950413223140479, -0.8367768595041305, -1.0413223140495849, -1.2086776859504114, -1.33884297520661, -1.43181818181818, -1.4876033057851223, -1.5061983471074365, -1.4876033057851226, -1.4318181818181803, -1.3388429752066104, -1.2086776859504123, -1.0413223140495855, -0.8367768595041312, -0.5950413223140488, -0.3161157024793375, 0.0, 0.3533057851239676, 0.7438016528925635, 1.1714876033057848, 1.6363636363636371, 2.138429752066114, 2.677685950413223, 3.2541322314049594, 3.86776859504132, 4.518595041322314, 5.206611570247935, 5.93181818181818, 6.694214876033057, 7.4938016528925635], [7.140495867768596, 6.3409090909090935, 5.578512396694217, 4.853305785123967, 4.165289256198348, 3.514462809917357, 2.900826446280992, 2.3243801652892575, 1.7851239669421501, 1.2830578512396709, 0.8181818181818195, 0.3904958677685959, 1.1102230246251565e-15, -0.3533057851239654, -0.6694214876033047, -0.9483471074380155, -1.190082644628098, -1.3946280991735525, -1.5619834710743787, -1.6921487603305776, -1.7851239669421477, -1.84090909090909, -1.859504132231404, -1.8409090909090902, -1.7851239669421481, -1.692148760330578, -1.5619834710743798, -1.3946280991735531, -1.1900826446280988, -0.9483471074380164, -0.6694214876033051, -0.3533057851239676, 0.0, 0.3904958677685959, 0.8181818181818172, 1.2830578512396695, 1.7851239669421466, 2.3243801652892557, 2.900826446280992, 3.5144628099173527, 4.165289256198347, 4.853305785123967, 5.5785123966942125, 6.34090909090909, 7.140495867768596], [6.75, 5.950413223140497, 5.188016528925621, 4.462809917355371, 3.774793388429752, 3.123966942148761, 2.510330578512396, 1.9338842975206614, 1.3946280991735542, 0.892561983471075, 0.42768595041322355, 0.0, -0.3904958677685948, -0.7438016528925613, -1.0599173553719006, -1.3388429752066116, -1.580578512396694, -1.7851239669421484, -1.9524793388429749, -2.0826446280991737, -2.175619834710744, -2.231404958677686, -2.25, -2.231404958677686, -2.175619834710744, -2.0826446280991737, -1.9524793388429758, -1.785123966942149, -1.5805785123966947, -1.3388429752066124, -1.059917355371901, -0.7438016528925635, -0.3904958677685959, 0.0, 0.4276859504132213, 0.8925619834710736, 1.3946280991735507, 1.9338842975206596, 2.510330578512396, 3.1239669421487566, 3.7747933884297504, 4.462809917355371, 5.188016528925616, 5.950413223140494, 6.75], [6.322314049586779, 5.522727272727276, 4.7603305785123995, 4.03512396694215, 3.347107438016531, 2.6962809917355397, 2.0826446280991746, 1.50619834710744, 0.9669421487603329, 0.46487603305785363, 2.220446049250313e-15, -0.4276859504132213, -0.8181818181818161, -1.1714876033057826, -1.487603305785122, -1.7665289256198329, -2.0082644628099153, -2.2128099173553695, -2.380165289256196, -2.510330578512395, -2.603305785123965, -2.6590909090909074, -2.6776859504132213, -2.6590909090909074, -2.603305785123965, -2.510330578512395, -2.380165289256197, -2.2128099173553704, -2.008264462809916, -1.7665289256198338, -1.4876033057851223, -1.1714876033057848, -0.8181818181818172, -0.4276859504132213, 0.0, 0.4648760330578523, 0.9669421487603294, 1.5061983471074383, 2.0826446280991746, 2.6962809917355353, 3.347107438016529, 4.03512396694215, 4.760330578512395, 5.5227272727272725, 6.322314049586779], [5.857438016528926, 5.057851239669423, 4.295454545454547, 3.5702479338842976, 2.8822314049586786, 2.2314049586776874, 1.6177685950413223, 1.0413223140495877, 0.5020661157024806, 1.3322676295501878e-15, -0.4648760330578501, -0.8925619834710736, -1.2830578512396684, -1.636363636363635, -1.9524793388429742, -2.231404958677685, -2.4731404958677676, -2.677685950413222, -2.8450413223140485, -2.975206611570247, -3.0681818181818175, -3.1239669421487597, -3.1425619834710736, -3.1239669421487597, -3.0681818181818175, -2.9752066115702474, -2.8450413223140494, -2.6776859504132227, -2.473140495867768, -2.231404958677686, -1.9524793388429746, -1.6363636363636371, -1.2830578512396695, -0.8925619834710736, -0.4648760330578523, 0.0, 0.5020661157024771, 1.041322314049586, 1.6177685950413223, 2.231404958677683, 2.882231404958677, 3.5702479338842976, 4.295454545454543, 5.05785123966942, 5.857438016528926], [5.35537190082645, 4.555785123966947, 3.79338842975207, 3.0681818181818206, 2.3801652892562015, 1.7293388429752103, 1.1157024793388453, 0.5392561983471107, 3.552713678800501e-15, -0.5020661157024757, -0.9669421487603271, -1.3946280991735507, -1.7851239669421455, -2.138429752066112, -2.4545454545454515, -2.7334710743801622, -2.9752066115702447, -3.1797520661156993, -3.3471074380165255, -3.477272727272724, -3.5702479338842945, -3.6260330578512368, -3.6446280991735507, -3.6260330578512368, -3.5702479338842945, -3.4772727272727244, -3.3471074380165264, -3.1797520661156997, -2.975206611570245, -2.733471074380163, -2.4545454545454515, -2.138429752066114, -1.7851239669421466, -1.3946280991735507, -0.9669421487603294, -0.5020661157024771, 0.0, 0.5392561983471089, 1.1157024793388453, 1.7293388429752